700.114010	32.800000	0.834627
700.304990	32.810000	0.835503
700.507020	32.820000	0.835397
700.697020	32.830000	0.835421
700.906980	32.840000	0.835872
701.104980	32.850000	0.835994
701.294980	32.860000	0.836335
701.499020	32.870000	0.837099
701.692990	32.880000	0.837553
701.890010	32.890000	0.837448
702.088990	32.900000	0.838074
702.288020	32.910000	0.838704
702.489990	32.920000	0.838579
702.697020	32.930000	0.838646
702.890990	32.940000	0.838884
703.093020	32.950000	0.839419
703.289980	32.960000	0.839662
703.479000	32.970000	0.839803
703.679020	32.980000	0.839991
703.890990	32.990000	0.840303
704.086000	33.000000	0.840048
704.271000	33.010000	0.840566
704.468990	33.020000	0.841212
704.674990	33.030000	0.841816
704.877990	33.040000	0.842383
705.073970	33.050000	0.842399
705.271970	33.060000	0.842679
705.481020	33.070000	0.842721
705.668030	33.080000	0.843090
705.870970	33.090000	0.843428
706.065980	33.100000	0.843661
706.275020	33.110000	0.844135
706.481020	33.120000	0.844002
706.669010	33.130000	0.844055
706.862980	33.140000	0.844055
707.054020	33.150000	0.845329
707.255980	33.160000	0.845482
707.455020	33.170000	0.845680
707.656010	33.180000	0.846204
707.859990	33.190000	0.846527
708.056030	33.200000	0.846281
708.250000	33.210000	0.846735
708.442020	33.220000	0.847076
708.645020	33.230000	0.847476
708.851990	33.240000	0.847471
709.036010	33.250000	0.847912
709.247990	33.260000	0.848156
709.440980	33.270000	0.848240
709.650020	33.280000	0.848687
709.859990	33.290000	0.849019
710.041990	33.300000	0.849136
710.245970	33.310000	0.849573
710.435000	33.320000	0.849324
710.640010	33.330000	0.849951
710.841980	33.340000	0.850079
711.036990	33.350000	0.850290
711.234990	33.360000	0.850594
711.426030	33.370000	0.851150
711.632020	33.380000	0.850972
711.822020	33.390000	0.851606
712.025020	33.400000	0.851597
712.219970	33.410000	0.851984
712.419980	33.420000	0.852494
712.627010	33.430000	0.852856
712.823000	33.440000	0.852689
713.017030	33.450000	0.853066
713.213010	33.460000	0.853781
713.418030	33.470000	0.853962
713.614010	33.480000	0.853804
713.812010	33.490000	0.854299
714.020020	33.500000	0.854543
714.208010	33.510000	0.855069
714.409000	33.520000	0.854842
714.620000	33.530000	0.855240
714.806030	33.540000	0.855063
715.005980	33.550000	0.854930
715.211000	33.560000	0.856007
715.401980	33.570000	0.856475
715.601990	33.580000	0.856541
715.806030	33.590000	0.856633
715.995000	33.600000	0.856921
716.187990	33.610000	0.856976
716.387020	33.620000	0.857144
716.599980	33.630000	0.857278
716.793030	33.640000	0.857566
716.995000	33.650000	0.858031
717.192990	33.660000	0.858248
717.400020	33.670000	0.858349
717.593990	33.680000	0.858820
717.793030	33.690000	0.858716
717.994020	33.700000	0.859237
718.179990	33.710000	0.859522
718.387020	33.720000	0.859821
718.575990	33.730000	0.859868
718.778020	33.740000	0.860381
718.971980	33.750000	0.860366
719.174010	33.760000	0.860444
719.370970	33.770000	0.860939
719.567990	33.780000	0.860833
719.778020	33.790000	0.860722
719.981990	33.800000	0.861317
720.166020	33.810000	0.861976
720.370000	33.820000	0.861921
720.565000	33.830000	0.862111
720.768010	33.840000	0.862212
720.969970	33.850000	0.862377
721.159970	33.860000	0.862564
721.353030	33.870000	0.863239
721.570010	33.880000	0.863157
721.750000	33.890000	0.863434
721.958010	33.900000	0.863757
722.153990	33.910000	0.864242
722.346010	33.920000	0.864610
722.547970	33.930000	0.864948
722.750000	33.940000	0.864735
722.942020	33.950000	0.865038
723.142030	33.960000	0.864935
723.349000	33.970000	0.864976
723.538020	33.980000	0.865328
723.741030	33.990000	0.865659
723.935970	34.000000	0.865654
724.127010	34.010000	0.866104
724.325010	34.020000	0.866213
724.533020	34.030000	0.866461
724.724000	34.040000	0.866716
724.918030	34.050000	0.866856
725.125000	34.060000	0.866918
725.331970	34.070000	0.867477
725.520020	34.080000	0.867601
725.729980	34.090000	0.867687
725.927000	34.100000	0.867683
726.127990	34.110000	0.868165
726.310000	34.120000	0.868274
726.512020	34.130000	0.868251
726.716980	34.140000	0.868654
726.906010	34.150000	0.869253
727.109990	34.160000	0.868844
727.297970	34.170000	0.869231
727.515990	34.180000	0.869392
727.700990	34.190000	0.870011
727.901980	34.200000	0.870059
728.106020	34.210000	0.870033
728.306030	34.220000	0.870377
728.495970	34.230000	0.870677
728.703980	34.240000	0.870534
728.890990	34.250000	0.870639
729.085020	34.260000	0.870984
729.286990	34.270000	0.871259
729.492000	34.280000	0.871648
729.681030	34.290000	0.871486
729.883970	34.300000	0.871572
730.083010	34.310000	0.871962
730.286010	34.320000	0.872160
730.482970	34.330000	0.872319
730.671020	34.340000	0.872305
730.874020	34.350000	0.872820
731.073000	34.360000	0.873145
731.265990	34.370000	0.872959
731.471010	34.380000	0.872831
731.671020	34.390000	0.874153
731.880000	34.400000	0.873480
732.078000	34.410000	0.873778
732.268010	34.420000	0.874381
732.468020	34.430000	0.874121
732.666020	34.440000	0.874732
732.862000	34.450000	0.874388
733.073970	34.460000	0.874700
733.265990	34.470000	0.874584
733.458010	34.480000	0.875246
733.658020	34.490000	0.875111
733.853030	34.500000	0.875747
734.054990	34.510000	0.875920
734.242000	34.520000	0.875801
734.452030	34.530000	0.876104
734.643010	34.540000	0.876956
734.843020	34.550000	0.876308
735.041020	34.560000	0.876608
735.242980	34.570000	0.876975
735.437990	34.580000	0.877370
735.640010	34.590000	0.877056
735.836000	34.600000	0.877323
736.034000	34.610000	0.877223
736.234010	34.620000	0.877380
736.447020	34.630000	0.877720
736.643010	34.640000	0.877850
736.835020	34.650000	0.878189
737.034000	34.660000	0.878130
737.231990	34.670000	0.877962
737.422000	34.680000	0.877450
737.629030	34.690000	0.878444
737.836000	34.700000	0.878605
738.025020	34.710000	0.879299
738.216980	34.720000	0.878985
738.406980	34.730000	0.878933
738.612000	34.740000	0.879540
738.807010	34.750000	0.879718
739.004030	34.760000	0.879885
739.215030	34.770000	0.879725
739.406980	34.780000	0.879639
739.606020	34.790000	0.879995
739.797000	34.800000	0.880382
740.010990	34.810000	0.880426
740.203980	34.820000	0.880519
740.390990	34.830000	0.880706
740.599000	34.840000	0.880755
740.793030	34.850000	0.880987
741.000980	34.860000	0.880867
741.202030	34.870000	0.881290
741.395020	34.880000	0.881394
741.593020	34.890000	0.881872
741.781980	34.900000	0.881871
741.987980	34.910000	0.882052
742.192990	34.920000	0.881933
742.379030	34.930000	0.881605
742.580020	34.940000	0.882772
742.771000	34.950000	0.882448
742.973020	34.960000	0.882637
743.161990	34.970000	0.882836
743.372010	34.980000	0.882883
743.565000	34.990000	0.883217
743.775020	35.000000	0.883156
743.961000	35.010000	0.883290
744.158020	35.020000	0.883213
744.359010	35.030000	0.883169
744.557980	35.040000	0.883693
744.755000	35.050000	0.883725
744.965030	35.060000	0.883905
745.153990	35.070000	0.883824
745.353030	35.080000	0.884166
745.552000	35.090000	0.884225
745.749020	35.100000	0.884712
745.953000	35.110000	0.884989
746.143980	35.120000	0.884390
746.354980	35.130000	0.884280
746.544980	35.140000	0.884670
746.747010	35.150000	0.885210
746.931030	35.160000	0.885180
747.135990	35.170000	0.885630
747.343020	35.180000	0.885650
747.528990	35.190000	0.885170
747.726010	35.200000	0.885630
747.931030	35.210000	0.885580
748.116030	35.220000	0.885650
748.328980	35.230000	0.886170
748.512020	35.240000	0.886310
748.729000	35.250000	0.885620
748.926030	35.260000	0.886030
749.117980	35.270000	0.886140
749.323970	35.280000	0.886660
749.517030	35.290000	0.886140
749.708010	35.300000	0.886250
749.919980	35.310000	0.886940
750.116030	35.320000	0.887010
750.312990	35.330000	0.887300
750.500000	35.340000	0.887060
750.700010	35.350000	0.887470
750.905030	35.360000	0.887990
751.101010	35.370000	0.887860
751.294980	35.380000	0.887830
751.502990	35.390000	0.887760
751.697020	35.400000	0.887890
751.890990	35.410000	0.887850
752.088990	35.420000	0.887970
752.289000	35.430000	0.888410
752.489010	35.440000	0.887920
752.679020	35.450000	0.888290
752.895020	35.460000	0.888190
753.088010	35.470000	0.888500
753.283020	35.480000	0.888520
753.481990	35.490000	0.888660
753.682010	35.500000	0.888540
753.867980	35.510000	0.888410
754.080020	35.520000	0.889010
754.267030	35.530000	0.889300
754.473020	35.540000	0.889100
754.658020	35.550000	0.889270
754.864010	35.560000	0.889310
755.067990	35.570000	0.889120
755.260990	35.580000	0.889280
755.461000	35.590000	0.889650
755.656010	35.600000	0.889590
755.867000	35.610000	0.889980
756.049990	35.620000	0.889740
756.255000	35.630000	0.890010
756.458980	35.640000	0.890290
756.643010	35.650000	0.890150
756.853030	35.660000	0.890340
757.039980	35.670000	0.889650
757.250980	35.680000	0.889700
757.453000	35.690000	0.890620
757.648010	35.700000	0.890610
757.836980	35.710000	0.890900
758.038020	35.720000	0.890600
758.242980	35.730000	0.890530
758.442990	35.740000	0.890820
758.645020	35.750000	0.890930
758.843020	35.760000	0.890920
759.033020	35.770000	0.890460
759.221980	35.780000	0.890590
759.432980	35.790000	0.891330
759.629030	35.800000	0.891500
759.830020	35.810000	0.891460
760.015010	35.820000	0.891590
760.232970	35.830000	0.890890
760.432010	35.840000	0.890810
760.622990	35.850000	0.891160
760.814030	35.860000	0.891370
761.025020	35.870000	0.891860
761.216980	35.880000	0.891460
761.411990	35.890000	0.891400
761.614990	35.900000	0.891660
761.802980	35.910000	0.892280
762.005000	35.920000	0.891650
762.205990	35.930000	0.891250
762.393010	35.940000	0.891940
762.599980	35.950000	0.891800
762.784000	35.960000	0.892450
762.992000	35.970000	0.892270
763.192020	35.980000	0.892160
763.390990	35.990000	0.892200
763.588010	36.000000	0.891860
763.794010	36.010000	0.892210
763.986020	36.020000	0.892190
764.190980	36.030000	0.892250
764.388000	36.040000	0.891780
764.596010	36.050000	0.892270
764.780030	36.060000	0.892500
764.979980	36.070000	0.892310
765.174990	36.080000	0.892280
765.380980	36.090000	0.892360
765.573970	36.100000	0.892910
765.771000	36.110000	0.892870
765.976010	36.120000	0.892590
766.166990	36.130000	0.892210
766.370000	36.140000	0.892010
766.568970	36.150000	0.892640
766.762020	36.160000	0.892430
766.968020	36.170000	0.893220
767.159970	36.180000	0.892680
767.359010	36.190000	0.892830
767.562010	36.200000	0.892610
767.758970	36.210000	0.892420
767.961980	36.220000	0.892810
768.146000	36.230000	0.893070
768.351010	36.240000	0.893200
768.552000	36.250000	0.893100
768.752990	36.260000	0.892740
768.950010	36.270000	0.892640
769.143010	36.280000	0.892920
769.349980	36.290000	0.892570
769.557980	36.300000	0.892620
769.752990	36.310000	0.892890
769.935000	36.320000	0.892700
770.133970	36.330000	0.892760
770.351010	36.340000	0.893180
770.526980	36.350000	0.892920
770.726010	36.360000	0.893070
770.932010	36.370000	0.892740
771.135990	36.380000	0.892820
771.333980	36.390000	0.893240
771.523990	36.400000	0.893440
771.726010	36.410000	0.892990
771.919980	36.420000	0.891930
772.117980	36.430000	0.892850
772.325010	36.440000	0.893370
772.510010	36.450000	0.892610
772.718990	36.460000	0.892820
772.918030	36.470000	0.892690
773.116030	36.480000	0.892680
773.317020	36.490000	0.893060
773.510010	36.500000	0.892930
773.705020	36.510000	0.892670
773.909000	36.520000	0.892690
774.112000	36.530000	0.892400
774.302980	36.540000	0.893180
774.500980	36.550000	0.892930
774.705990	36.560000	0.892810
774.909000	36.570000	0.892880
775.106990	36.580000	0.892400
775.304990	36.590000	0.891690
775.507020	36.600000	0.892800
775.708980	36.610000	0.892560
775.901000	36.620000	0.892500
776.093990	36.630000	0.892370
776.296020	36.640000	0.892500
776.499020	36.650000	0.892380
776.703000	36.660000	0.892390
776.893980	36.670000	0.892460
777.088990	36.680000	0.891820
777.284970	36.690000	0.891930
777.482970	36.700000	0.892340
777.692020	36.710000	0.891590
777.877010	36.720000	0.891270
778.083980	36.730000	0.891840
778.275020	36.740000	0.891880
778.487000	36.750000	0.892230
778.661990	36.760000	0.891920
778.880000	36.770000	0.892090
779.065000	36.780000	0.891900
779.268980	36.790000	0.891200
779.468020	36.800000	0.891470
779.666020	36.810000	0.891360
779.862980	36.820000	0.891190
780.067990	36.830000	0.891250
780.267030	36.840000	0.890920
780.466000	36.850000	0.890940
780.663020	36.860000	0.890980
780.861020	36.870000	0.891480
781.049990	36.880000	0.891170
781.257020	36.890000	0.890510
781.461980	36.900000	0.890560
781.653020	36.910000	0.891060
781.857970	36.920000	0.891040
782.060970	36.930000	0.890680
782.245970	36.940000	0.890530
782.448000	36.950000	0.890700
782.651980	36.960000	0.890660
782.853030	36.970000	0.889820
783.043030	36.980000	0.890040
783.245970	36.990000	0.890120
783.448970	37.000000	0.889860
783.638980	37.010000	0.890480
783.848020	37.020000	0.890220
784.041990	37.030000	0.889620
784.242000	37.040000	0.889850
784.432980	37.050000	0.889590
784.638000	37.060000	0.889690
784.836000	37.070000	0.889750
785.021000	37.080000	0.889460
785.231020	37.090000	0.889010
785.426030	37.100000	0.889370
785.627010	37.110000	0.889150
785.825010	37.120000	0.888970
786.020020	37.130000	0.888910
786.221010	37.140000	0.888510
786.416020	37.150000	0.888430
786.624020	37.160000	0.888230
786.830020	37.170000	0.888480
787.018010	37.180000	0.888330
787.223020	37.190000	0.888260
787.406010	37.200000	0.887580
787.609990	37.210000	0.887190
787.810000	37.220000	0.887510
788.005000	37.230000	0.887250
788.206970	37.240000	0.887350
788.409000	37.250000	0.887450
788.612980	37.260000	0.887440
788.797000	37.270000	0.887270
789.012020	37.280000	0.886900
789.197020	37.290000	0.886880
789.396970	37.300000	0.886870
789.596980	37.310000	0.886590
789.794010	37.320000	0.886680
789.992980	37.330000	0.886300
790.192990	37.340000	0.886340
790.385990	37.350000	0.886130
790.593990	37.360000	0.886120
790.791990	37.370000	0.885570
790.995000	37.380000	0.885290
791.190980	37.390000	0.885200
791.393980	37.400000	0.885230
791.586000	37.410000	0.884830
791.776980	37.420000	0.884780
791.984990	37.430000	0.884630
792.195980	37.440000	0.883970
792.379030	37.450000	0.883890
792.573000	37.460000	0.884120
792.786010	37.470000	0.883890
792.974980	37.480000	0.883110
793.156980	37.490000	0.883320
793.370970	37.500000	0.883770
793.560970	37.510000	0.883150
793.775020	37.520000	0.882780
793.976990	37.530000	0.882580
794.161010	37.540000	0.882650
794.362980	37.550000	0.882340
794.560970	37.560000	0.882120
794.763980	37.570000	0.882220
794.955020	37.580000	0.881490
795.159000	37.590000	0.881900
795.354980	37.600000	0.881690
795.552980	37.610000	0.881200
795.755000	37.620000	0.881640
795.950010	37.630000	0.881220
796.153990	37.640000	0.881020
796.351010	37.650000	0.879840
796.541020	37.660000	0.880350
796.750000	37.670000	0.880630
796.945980	37.680000	0.879840
797.140990	37.690000	0.879670
797.338990	37.700000	0.879950
797.543030	37.710000	0.879680
797.742980	37.720000	0.879180
797.935970	37.730000	0.878470
798.148990	37.740000	0.879030
798.349980	37.750000	0.878840
798.534000	37.760000	0.878170
798.734010	37.770000	0.878110
798.926030	37.780000	0.877940
799.135990	37.790000	0.877490
799.343020	37.800000	0.877070
799.528020	37.810000	0.877120
799.726990	37.820000	0.876970
799.927000	37.830000	0.876020
800.138000	37.840000	0.875800
800.335020	37.850000	0.875850
800.526000	37.860000	0.875630
800.726010	37.870000	0.876120
800.919980	37.880000	0.875040
801.116030	37.890000	0.875110
801.312990	37.900000	0.875270
801.518980	37.910000	0.874720
801.708980	37.920000	0.873340
801.906980	37.930000	0.872980
802.112000	37.940000	0.873720
802.309020	37.950000	0.873390
802.507020	37.960000	0.872790
802.702030	37.970000	0.872790
802.903020	37.980000	0.871730
803.114010	37.990000	0.871870
803.315980	38.000000	0.871560
803.518010	38.010000	0.871600
803.692990	38.020000	0.870910
803.901980	38.030000	0.871040
804.112980	38.040000	0.870580
804.294010	38.050000	0.870630
804.500000	38.060000	0.870130
804.695010	38.070000	0.869990
804.895020	38.080000	0.869710
805.099000	38.090000	0.869760
805.283020	38.100000	0.869310
805.484010	38.110000	0.868920
805.684020	38.120000	0.868580
805.893980	38.130000	0.868030
806.091980	38.140000	0.867680
806.286990	38.150000	0.867150
806.489990	38.160000	0.867360
806.682010	38.170000	0.867030
806.883970	38.180000	0.866580
807.072020	38.190000	0.866290
807.284000	38.200000	0.866110
807.487980	38.210000	0.865850
807.676030	38.220000	0.865740
807.882020	38.230000	0.865130
808.083010	38.240000	0.864840
808.280030	38.250000	0.864340
808.479980	38.260000	0.863360
808.668030	38.270000	0.862480
808.877990	38.280000	0.863370
809.068970	38.290000	0.862900
809.268980	38.300000	0.862580
809.471010	38.310000	0.861480
809.672000	38.320000	0.862070
809.862980	38.330000	0.861830
810.062990	38.340000	0.861100
810.265010	38.350000	0.861100
810.458980	38.360000	0.860480
810.656980	38.370000	0.859870
810.864010	38.380000	0.859440
811.062010	38.390000	0.858950
811.244020	38.400000	0.858890
811.450990	38.410000	0.858420
811.650020	38.420000	0.857890
811.841980	38.430000	0.858020
812.056030	38.440000	0.856980
812.252990	38.450000	0.857090
812.448970	38.460000	0.856210
812.646000	38.470000	0.855950
812.843990	38.480000	0.856030
813.039000	38.490000	0.856030
813.242980	38.500000	0.855120
813.461980	38.510000	0.854420
813.650020	38.520000	0.854430
813.836000	38.530000	0.853730
814.043030	38.540000	0.853080
814.231990	38.550000	0.852940
814.432980	38.560000	0.852560
814.645020	38.570000	0.852400
814.841000	38.580000	0.851570
815.039980	38.590000	0.851300
815.223020	38.600000	0.850970
815.429020	38.610000	0.850620
815.630980	38.620000	0.849950
815.828980	38.630000	0.850240
816.041990	38.640000	0.849610
816.215030	38.650000	0.849100
816.414980	38.660000	0.848570
816.617000	38.670000	0.848620
816.815000	38.680000	0.847700
817.013980	38.690000	0.847540
817.226010	38.700000	0.846780
817.411010	38.710000	0.846120
817.619020	38.720000	0.845970
817.814030	38.730000	0.845280
818.018980	38.740000	0.844760
818.213010	38.750000	0.843470
818.409970	38.760000	0.843320
818.607970	38.770000	0.843520
818.806030	38.780000	0.842970
818.999020	38.790000	0.842920
819.210020	38.800000	0.842210
819.411990	38.810000	0.841530
819.601010	38.820000	0.840040
819.793030	38.830000	0.840100
819.992000	38.840000	0.839980
820.203000	38.850000	0.839470
820.396000	38.860000	0.838900
820.585020	38.870000	0.838600
820.797970	38.880000	0.837940
820.984990	38.890000	0.837690
821.192020	38.900000	0.837140
821.383970	38.910000	0.837110
821.583010	38.920000	0.836350
821.791020	38.930000	0.835970
821.981990	38.940000	0.834990
822.184020	38.950000	0.834420
822.375000	38.960000	0.834040
822.586980	38.970000	0.834030
822.780030	38.980000	0.833170
822.976990	38.990000	0.832520
823.174990	39.000000	0.832430
823.385990	39.010000	0.831320
823.588010	39.020000	0.830430
823.770020	39.030000	0.829880
823.969970	39.040000	0.829510
824.166990	39.050000	0.829110
824.359010	39.060000	0.828160
824.562010	39.070000	0.828310
824.758970	39.080000	0.827300
824.950010	39.090000	0.827100
825.158020	39.100000	0.825480
825.359010	39.110000	0.825680
825.560000	39.120000	0.825210
825.763980	39.130000	0.825010
825.961980	39.140000	0.824040
826.156010	39.150000	0.823830
826.349980	39.160000	0.823280
826.557010	39.170000	0.822780
826.747010	39.180000	0.821640
826.963990	39.190000	0.821450
827.143980	39.200000	0.821150
827.343020	39.210000	0.820460
827.551030	39.220000	0.819750
827.749020	39.230000	0.819190
827.945980	39.240000	0.818550
828.142030	39.250000	0.818120
828.336980	39.260000	0.816970
828.541020	39.270000	0.816530
828.739010	39.280000	0.816360
828.953000	39.290000	0.815620
829.122990	39.300000	0.814970
829.328000	39.310000	0.814590
829.536990	39.320000	0.813840
829.732970	39.330000	0.813330
829.935970	39.340000	0.812470
830.133000	39.350000	0.811510
830.328980	39.360000	0.811440
830.534970	39.370000	0.810620
830.728030	39.380000	0.809870
830.931030	39.390000	0.809310
831.119020	39.400000	0.809280
831.325010	39.410000	0.808040
831.515010	39.420000	0.807660
831.711000	39.430000	0.806820
831.914000	39.440000	0.806020
832.125000	39.450000	0.805430
832.323000	39.460000	0.804930
832.515990	39.470000	0.804210
832.721980	39.480000	0.803850
832.919980	39.490000	0.802770
833.127990	39.500000	0.802310
833.309020	39.510000	0.801530
833.507020	39.520000	0.801090
833.705990	39.530000	0.800050
833.909000	39.540000	0.799170
834.103030	39.550000	0.798860
834.310970	39.560000	0.798550
834.495970	39.570000	0.797180
834.708980	39.580000	0.796560
834.893980	39.590000	0.796170
835.094970	39.600000	0.795680
835.289980	39.610000	0.794670
835.489010	39.620000	0.794090
835.695980	39.630000	0.793140
835.896000	39.640000	0.792300
836.091000	39.650000	0.791930
836.276980	39.660000	0.790980
836.484990	39.670000	0.789840
836.692020	39.680000	0.789580
836.877010	39.690000	0.788840
837.078980	39.700000	0.787430
837.271970	39.710000	0.787140
837.479000	39.720000	0.786120
837.684020	39.730000	0.785790
837.880000	39.740000	0.784940
838.080020	39.750000	0.784320
838.273010	39.760000	0.784400
838.481990	39.770000	0.783370
838.676030	39.780000	0.782150
838.870000	39.790000	0.781370
839.070980	39.800000	0.780690
839.263980	39.810000	0.780290
839.476990	39.820000	0.779280
839.672000	39.830000	0.778690
839.862980	39.840000	0.777930
840.067990	39.850000	0.776580
840.252010	39.860000	0.775750
840.469970	39.870000	0.775520
840.651980	39.880000	0.775260
840.846980	39.890000	0.774020
841.054020	39.900000	0.772490
841.254030	39.910000	0.771780
841.456970	39.920000	0.771290
841.659000	39.930000	0.770820
841.851990	39.940000	0.770080
842.072020	39.950000	0.769480
842.247990	39.960000	0.768210
842.452030	39.970000	0.767670
842.655030	39.980000	0.767260
842.846980	39.990000	0.765780
843.034970	40.000000	0.765210
843.250980	40.010000	0.764230
843.437990	40.020000	0.763500
843.632020	40.030000	0.761760
843.838990	40.040000	0.761670
844.039980	40.050000	0.761190
844.242980	40.060000	0.759760
844.431030	40.070000	0.759000
844.638980	40.080000	0.758860
844.846980	40.090000	0.757450
845.028990	40.100000	0.756690
845.229980	40.110000	0.755710
845.419980	40.120000	0.755070
845.629030	40.130000	0.754120
845.830020	40.140000	0.753550
846.021000	40.150000	0.752430
846.226990	40.160000	0.751310
846.431030	40.170000	0.750750
846.622010	40.180000	0.750390
846.833010	40.190000	0.748760
847.021970	40.200000	0.748100
847.221010	40.210000	0.747800
847.418030	40.220000	0.746400
847.625000	40.230000	0.745440
847.807010	40.240000	0.744610
848.020020	40.250000	0.744040
848.216980	40.260000	0.742670
848.411010	40.270000	0.742420
848.604980	40.280000	0.741240
848.804990	40.290000	0.740660
849.008000	40.300000	0.739440
849.213990	40.310000	0.738560
849.406980	40.320000	0.738240
849.620000	40.330000	0.737170
849.802980	40.340000	0.736610
849.995970	40.350000	0.735340
850.200010	40.360000	0.733530
850.392030	40.370000	0.733350
850.596980	40.380000	0.732710
850.801030	40.390000	0.731830
850.992980	40.400000	0.730440
851.197020	40.410000	0.729650
851.388000	40.420000	0.728280
851.583980	40.430000	0.727350
851.793030	40.440000	0.726110
851.984990	40.450000	0.724870
852.185970	40.460000	0.724360
852.385010	40.470000	0.723940
852.573970	40.480000	0.723050
852.775020	40.490000	0.722000
852.976990	40.500000	0.720600
853.166020	40.510000	0.719170
853.370970	40.520000	0.718590
853.557010	40.530000	0.717720
853.765990	40.540000	0.716430
853.976990	40.550000	0.715600
854.169980	40.560000	0.714960
854.372990	40.570000	0.713680
854.565000	40.580000	0.712550
854.765990	40.590000	0.712060
854.942990	40.600000	0.710320
855.150020	40.610000	0.709880
855.356990	40.620000	0.709040
855.549990	40.630000	0.708110
855.758970	40.640000	0.707310
855.953980	40.650000	0.705500
856.161010	40.660000	0.704710
856.361020	40.670000	0.703630
856.554990	40.680000	0.703070
856.749020	40.690000	0.701940
856.943970	40.700000	0.701410
857.143980	40.710000	0.699920
857.354980	40.720000	0.698710
857.544010	40.730000	0.697730
857.739990	40.740000	0.697010
857.948970	40.750000	0.695730
858.140010	40.760000	0.694910
858.346010	40.770000	0.693970
858.538020	40.780000	0.692600
858.731990	40.790000	0.691230
858.937990	40.800000	0.690470
859.138980	40.810000	0.690070
859.331970	40.820000	0.688270
859.533020	40.830000	0.687340
859.724980	40.840000	0.686580
859.935970	40.850000	0.684770
860.140010	40.860000	0.684110
860.323000	40.870000	0.682720
860.520020	40.880000	0.681870
860.721980	40.890000	0.681240
860.922000	40.900000	0.680040
861.125000	40.910000	0.678940
861.317020	40.920000	0.677490
861.520020	40.930000	0.676820
861.718990	40.940000	0.675470
861.919980	40.950000	0.674470
862.127990	40.960000	0.673460
862.322020	40.970000	0.672250
862.517030	40.980000	0.670940
862.700990	40.990000	0.670540
862.914980	41.000000	0.668990
863.112000	41.010000	0.667980
863.307010	41.020000	0.666410
863.513000	41.030000	0.665390
863.698000	41.040000	0.664560
863.908020	41.050000	0.663180
864.091000	41.060000	0.661630
864.299990	41.070000	0.660740
864.499020	41.080000	0.659520
864.700010	41.090000	0.657940
864.896970	41.100000	0.657550
865.090030	41.110000	0.656300
865.291020	41.120000	0.654840
865.502010	41.130000	0.653480
865.698000	41.140000	0.652810
865.898990	41.150000	0.652170
866.088010	41.160000	0.650220
866.276980	41.170000	0.649560
866.476010	41.180000	0.647570
866.682980	41.190000	0.647140
866.870970	41.200000	0.645480
867.073000	41.210000	0.644510
867.278020	41.220000	0.643240
867.474000	41.230000	0.642180
867.685000	41.240000	0.641060
867.872010	41.250000	0.640040
868.080020	41.260000	0.638950
868.268010	41.270000	0.637300
868.479000	41.280000	0.636370
868.687010	41.290000	0.634860
868.866030	41.300000	0.634030
869.070980	41.310000	0.632670
869.270020	41.320000	0.631540
869.463010	41.330000	0.629950
869.672000	41.340000	0.629170
869.862000	41.350000	0.627900
870.070010	41.360000	0.626710
870.268010	41.370000	0.625360
870.461980	41.380000	0.623890
870.666020	41.390000	0.622670
870.853030	41.400000	0.621650
871.052980	41.410000	0.620650
871.254030	41.420000	0.619240
871.448000	41.430000	0.617450
871.664000	41.440000	0.616570
871.851990	41.450000	0.615340
872.049990	41.460000	0.613680
872.239010	41.470000	0.612530
872.447020	41.480000	0.611330
872.655030	41.490000	0.609890
872.840030	41.500000	0.608880
873.051030	41.510000	0.608000
873.242980	41.520000	0.606690
873.435000	41.530000	0.605180
873.632020	41.540000	0.603700
873.838010	41.550000	0.602170
874.030030	41.560000	0.601040
874.231990	41.570000	0.600350
874.431030	41.580000	0.598730
874.629030	41.590000	0.596950
874.833010	41.600000	0.596030
875.017030	41.610000	0.595230
875.226990	41.620000	0.593220
875.440980	41.630000	0.591920
875.627990	41.640000	0.590720
875.823970	41.650000	0.589830
876.015010	41.660000	0.588270
876.234990	41.670000	0.586370
876.432980	41.680000	0.585180
876.620000	41.690000	0.583470
876.823970	41.700000	0.582180
877.013000	41.710000	0.581530
877.213990	41.720000	0.580350
877.411010	41.730000	0.578810
877.607970	41.740000	0.577790
877.823000	41.750000	0.576380
878.012020	41.760000	0.574980
878.211980	41.770000	0.573310
878.400020	41.780000	0.572210
878.609990	41.790000	0.570750
878.810970	41.800000	0.569210
879.002010	41.810000	0.568310
879.205020	41.820000	0.566600
879.396970	41.830000	0.565170
879.609990	41.840000	0.563850
879.804990	41.850000	0.562910
880.004030	41.860000	0.561120
880.208980	41.870000	0.560290
880.393010	41.880000	0.558610
880.588010	41.890000	0.556860
880.796020	41.900000	0.555890
880.995000	41.910000	0.554490
881.205020	41.920000	0.552660
881.393980	41.930000	0.551410
881.596980	41.940000	0.549730
881.786990	41.950000	0.547810
881.984990	41.960000	0.547490
882.179990	41.970000	0.545580
882.380980	41.980000	0.544960
882.588010	41.990000	0.543220
882.776000	42.000000	0.542210
882.978030	42.010000	0.540740
883.181030	42.020000	0.539180
883.369020	42.030000	0.537030
883.570980	42.040000	0.536120
883.771970	42.050000	0.535320
883.963010	42.060000	0.533890
884.166020	42.070000	0.531550
884.367000	42.080000	0.530040
884.575990	42.090000	0.529260
884.762020	42.100000	0.527330
884.966980	42.110000	0.526280
885.169980	42.120000	0.524380
885.380980	42.130000	0.523020
885.562010	42.140000	0.522220
885.765990	42.150000	0.520330
885.963990	42.160000	0.518960
886.153020	42.170000	0.517190
886.354000	42.180000	0.515630
886.554020	42.190000	0.514380
886.758000	42.200000	0.513010
886.950010	42.210000	0.511760
887.143980	42.220000	0.510240
887.354000	42.230000	0.508510
887.547970	42.240000	0.507100
887.747010	42.250000	0.505870
887.945010	42.260000	0.504320
888.135990	42.270000	0.503760
888.343020	42.280000	0.502140
888.544980	42.290000	0.500350
888.752010	42.300000	0.498460
888.934020	42.310000	0.497050
889.133000	42.320000	0.495480
889.346010	42.330000	0.493820
889.541020	42.340000	0.491980
889.739010	42.350000	0.491070
889.919980	42.360000	0.489440
890.127990	42.370000	0.488300
890.333010	42.380000	0.487090
890.544980	42.390000	0.485220
890.731990	42.400000	0.483840
890.929990	42.410000	0.482240
891.122990	42.420000	0.480690
891.320980	42.430000	0.479030
891.523010	42.440000	0.477630
891.723020	42.450000	0.476080
891.927000	42.460000	0.473950
892.125980	42.470000	0.472980
892.312990	42.480000	0.471010
892.523990	42.490000	0.469850
892.705990	42.500000	0.467770
892.896970	42.510000	0.466370
893.106990	42.520000	0.465930
893.306030	42.530000	0.463960
893.518010	42.540000	0.462360
893.711980	42.550000	0.460680
893.921020	42.560000	0.458770
894.130980	42.570000	0.457940
894.299010	42.580000	0.455800
894.508000	42.590000	0.454550
894.703980	42.600000	0.452990
894.895020	42.610000	0.451720
895.098020	42.620000	0.449790
895.304990	42.630000	0.448130
895.495000	42.640000	0.446710
895.685000	42.650000	0.445910
895.905030	42.660000	0.443880
896.093020	42.670000	0.442510
896.312010	42.680000	0.440090
896.494020	42.690000	0.439010
896.695980	42.700000	0.437450
896.893980	42.710000	0.435830
897.085020	42.720000	0.433620
897.288020	42.730000	0.432660
897.486020	42.740000	0.430930
897.690980	42.750000	0.429260
897.892030	42.760000	0.427660
898.086000	42.770000	0.426350
898.278990	42.780000	0.424480
898.489010	42.790000	0.422880
898.681030	42.800000	0.421420
898.888000	42.810000	0.419740
899.064030	42.820000	0.418290
899.268980	42.830000	0.416670
899.466980	42.840000	0.415310
899.666990	42.850000	0.413860
899.870970	42.860000	0.411690
900.064030	42.870000	0.410520
900.278990	42.880000	0.408330
900.478030	42.890000	0.407140
900.664980	42.900000	0.405180
900.848020	42.910000	0.403950
901.065980	42.920000	0.402610
901.260010	42.930000	0.400790
901.456970	42.940000	0.399270
901.655030	42.950000	0.396950
901.844970	42.960000	0.395290
902.051030	42.970000	0.394020
902.265010	42.980000	0.392670
902.453980	42.990000	0.391060
902.643980	43.000000	0.389250
902.843990	43.010000	0.387940
903.052000	43.020000	0.385940
903.242000	43.030000	0.383920
903.452030	43.040000	0.382760
903.651980	43.050000	0.381260
903.831970	43.060000	0.379420
904.047000	43.070000	0.377770
904.242980	43.080000	0.376190
904.443970	43.090000	0.374420
904.648990	43.100000	0.372990
904.836000	43.110000	0.371370
905.044980	43.120000	0.369760
905.231990	43.130000	0.367860
905.435000	43.140000	0.366060
905.638980	43.150000	0.364640
905.825990	43.160000	0.363170
906.041990	43.170000	0.361350
906.229980	43.180000	0.359770
906.432010	43.190000	0.357410
906.624020	43.200000	0.356350
906.830020	43.210000	0.354670
907.020020	43.220000	0.353180
907.224000	43.230000	0.351510
907.419010	43.240000	0.349880
907.620970	43.250000	0.347700
907.838010	43.260000	0.346420
908.026980	43.270000	0.344860
908.224980	43.280000	0.342910
908.418030	43.290000	0.341760
908.619020	43.300000	0.339580
908.815980	43.310000	0.337840
909.008970	43.320000	0.335970
909.219970	43.330000	0.334360
909.419010	43.340000	0.332870
909.603030	43.350000	0.330860
909.820980	43.360000	0.329380
909.999020	43.370000	0.328170
910.203980	43.380000	0.325700
910.398010	43.390000	0.324460
910.601010	43.400000	0.322750
910.815980	43.410000	0.320860
910.997990	43.420000	0.318810
911.208980	43.430000	0.317330
911.396970	43.440000	0.315910
911.596980	43.450000	0.313770
911.797000	43.460000	0.312230
912.002990	43.470000	0.310760
912.208980	43.480000	0.308480
912.393010	43.490000	0.306580
912.601990	43.500000	0.305190
912.802000	43.510000	0.303760
912.984990	43.520000	0.301790
913.193970	43.530000	0.299780
913.388980	43.540000	0.298080
913.588010	43.550000	0.296470
913.773990	43.560000	0.294660
913.979980	43.570000	0.293320
914.172970	43.580000	0.291290
914.372990	43.590000	0.289210
914.578000	43.600000	0.287460
914.783020	43.610000	0.286160
914.978030	43.620000	0.284320
915.177000	43.630000	0.282390
915.367980	43.640000	0.280800
915.567990	43.650000	0.278990
915.767030	43.660000	0.277350
915.968020	43.670000	0.275740
916.158020	43.680000	0.273710
916.374020	43.690000	0.271920
916.570980	43.700000	0.270080
916.752990	43.710000	0.268840
916.968990	43.720000	0.266650
917.159000	43.730000	0.264820
917.362980	43.740000	0.263010
917.543030	43.750000	0.261680
917.747990	43.760000	0.259690
917.955020	43.770000	0.257520
918.151000	43.780000	0.255500
918.356020	43.790000	0.254320
918.546020	43.800000	0.252580
918.745970	43.810000	0.250460
918.955020	43.820000	0.248340
919.135990	43.830000	0.246600
919.341000	43.840000	0.245230
919.541990	43.850000	0.243370
919.745000	43.860000	0.241330
919.948970	43.870000	0.239520
920.140010	43.880000	0.237780
920.333980	43.890000	0.236050
920.547000	43.900000	0.234440
920.734010	43.910000	0.232350
920.935970	43.920000	0.230320
921.142030	43.930000	0.228530
921.327030	43.940000	0.226580
921.541020	43.950000	0.224920
921.736020	43.960000	0.223160
921.935000	43.970000	0.221640
922.133970	43.980000	0.219530
922.317020	43.990000	0.217520
922.531980	44.000000	0.215930
922.729980	44.010000	0.213330
922.932010	44.020000	0.211810
923.135990	44.030000	0.210090
923.318970	44.040000	0.208260
923.528990	44.050000	0.206370
923.726990	44.060000	0.204340
923.922970	44.070000	0.202690
924.122990	44.080000	0.200830
924.320010	44.090000	0.199080
924.515990	44.100000	0.197160
924.700010	44.110000	0.195440
924.906980	44.120000	0.193860
925.112980	44.130000	0.191690
925.299010	44.140000	0.190190
925.510990	44.150000	0.188260
925.700990	44.160000	0.186490
925.903020	44.170000	0.184140
926.104980	44.180000	0.182340
926.304990	44.190000	0.180600
926.508000	44.200000	0.177820
926.700010	44.210000	0.176100
926.893980	44.220000	0.174430
927.088010	44.230000	0.172840
927.294980	44.240000	0.170560
927.495000	44.250000	0.168820
927.687990	44.260000	0.166890
927.890010	44.270000	0.165380
928.086000	44.280000	0.163090
928.286990	44.290000	0.161460
928.481020	44.300000	0.159330
928.684020	44.310000	0.157470
928.880000	44.320000	0.155390
929.090030	44.330000	0.153760
929.288020	44.340000	0.151700
929.479000	44.350000	0.149820
929.677980	44.360000	0.147940
929.875000	44.370000	0.145800
930.070010	44.380000	0.144100
930.273990	44.390000	0.142110
930.466000	44.400000	0.140390
930.671020	44.410000	0.138390
930.851010	44.420000	0.136080
931.054990	44.430000	0.134290
931.265010	44.440000	0.132010
931.460020	44.450000	0.129790
931.664980	44.460000	0.128570
931.870970	44.470000	0.126760
932.064030	44.480000	0.124420
932.258000	44.490000	0.122580
932.456970	44.500000	0.120300
932.663020	44.510000	0.118760
932.859010	44.520000	0.116440
933.056030	44.530000	0.114560
933.250000	44.540000	0.112360
933.453980	44.550000	0.110550
933.656980	44.560000	0.108870
933.853030	44.570000	0.106700
934.054020	44.580000	0.104710
934.239010	44.590000	0.103120
934.453980	44.600000	0.100620
934.645020	44.610000	0.098790
934.843020	44.620000	0.096890
935.051030	44.630000	0.094910
935.231990	44.640000	0.093380
935.435000	44.650000	0.090850
935.632020	44.660000	0.088750
935.841000	44.670000	0.086920
936.036010	44.680000	0.084710
936.237000	44.690000	0.082860
936.442020	44.700000	0.080620
936.630980	44.710000	0.078710
936.828000	44.720000	0.076250
937.023990	44.730000	0.074550
937.219970	44.740000	0.072460
937.421020	44.750000	0.070250
937.617980	44.760000	0.068460
937.820980	44.770000	0.066760
938.013980	44.780000	0.064510
938.215030	44.790000	0.062620
938.419010	44.800000	0.060420
938.616030	44.810000	0.058160
938.815980	44.820000	0.056220
939.005980	44.830000	0.054270
939.216000	44.840000	0.052010
939.427000	44.850000	0.049580
939.619020	44.860000	0.048030
939.814030	44.870000	0.045730
940.007020	44.880000	0.043880
940.211980	44.890000	0.041730
940.398990	44.900000	0.039400
940.601010	44.910000	0.037320
940.802000	44.920000	0.035770
940.994020	44.930000	0.033520
941.202030	44.940000	0.031150
941.398990	44.950000	0.029680
941.607970	44.960000	0.027130
941.796020	44.970000	0.025000
941.992000	44.980000	0.022980
942.195980	44.990000	0.020660
942.383000	45.000000	0.018590
942.593990	45.010000	0.016410
942.794010	45.020000	0.014260
942.982970	45.030000	0.011960
943.195010	45.040000	0.010370
943.375980	45.050000	0.008340
943.581970	45.060000	0.006340
943.781010	45.070000	0.003610
943.982970	45.080000	0.001900
944.177980	45.090000	-0.000370
944.374020	45.100000	-0.002600
944.575990	45.110000	-0.004770
944.771000	45.120000	-0.006760
944.966980	45.130000	-0.009120
945.155030	45.140000	-0.011510
945.369020	45.150000	-0.013540
945.565980	45.160000	-0.015590
945.760010	45.170000	-0.017790
945.961980	45.180000	-0.020350
946.163020	45.190000	-0.022560
946.354980	45.200000	-0.024270
946.552980	45.210000	-0.027070
946.754030	45.220000	-0.029000
946.945980	45.230000	-0.031360
947.155030	45.240000	-0.033740
947.346980	45.250000	-0.036100
947.547970	45.260000	-0.038090
947.744020	45.270000	-0.040500
947.939030	45.280000	-0.042450
948.150020	45.290000	-0.044770
948.349980	45.300000	-0.047300
948.552980	45.310000	-0.049730
948.750000	45.320000	-0.051790
948.929990	45.330000	-0.054090
949.130980	45.340000	-0.056420
949.336000	45.350000	-0.058300
949.539980	45.360000	-0.061100
949.741030	45.370000	-0.062940
949.922970	45.380000	-0.065520
950.125000	45.390000	-0.068180
950.328980	45.400000	-0.070310
950.533020	45.410000	-0.072810
950.742980	45.420000	-0.075130
950.935970	45.430000	-0.077470
951.122010	45.440000	-0.079620
951.331970	45.450000	-0.082330
951.523010	45.460000	-0.084780
951.716980	45.470000	-0.087060
951.914980	45.480000	-0.089900
952.112000	45.490000	-0.092460
952.307980	45.500000	-0.094590
952.518980	45.510000	-0.097070
952.703000	45.520000	-0.099760
952.911010	45.530000	-0.102070
953.101010	45.540000	-0.104300
953.307980	45.550000	-0.107100
953.521970	45.560000	-0.109440
953.711000	45.570000	-0.111910
953.913020	45.580000	-0.114440
954.096980	45.590000	-0.116870
954.307980	45.600000	-0.119360
954.497010	45.610000	-0.121560
954.703980	45.620000	-0.124100
954.901000	45.630000	-0.126950
955.091980	45.640000	-0.129370
955.301030	45.650000	-0.131440
955.495000	45.660000	-0.134290
955.687010	45.670000	-0.136930
955.892030	45.680000	-0.139200
956.094970	45.690000	-0.141710
956.286010	45.700000	-0.143740
956.479980	45.710000	-0.146900
956.679990	45.720000	-0.149390
956.898010	45.730000	-0.151690
957.088990	45.740000	-0.154270
957.284970	45.750000	-0.156780
957.474980	45.760000	-0.159380
957.685000	45.770000	-0.161940
957.877010	45.780000	-0.164550
958.073970	45.790000	-0.166960
958.278990	45.800000	-0.169700
958.478030	45.810000	-0.172290
958.681030	45.820000	-0.174880
958.879030	45.830000	-0.177280
959.067990	45.840000	-0.179890
959.276980	45.850000	-0.182510
959.471010	45.860000	-0.185070
959.669010	45.870000	-0.187020
959.864990	45.880000	-0.189940
960.062010	45.890000	-0.192780
960.255000	45.900000	-0.195420
960.458010	45.910000	-0.197660
960.669980	45.920000	-0.200180
960.864010	45.930000	-0.202650
961.067020	45.940000	-0.205440
961.260990	45.950000	-0.208090
961.452030	45.960000	-0.210730
961.653020	45.970000	-0.212910
961.857970	45.980000	-0.215530
962.047970	45.990000	-0.218390
962.247010	46.000000	-0.221190
962.456970	46.010000	-0.223690
962.646000	46.020000	-0.226480
962.844970	46.030000	-0.228920
963.051030	46.040000	-0.231540
963.244020	46.050000	-0.234150
963.443970	46.060000	-0.237019
963.627990	46.070000	-0.239353
963.836000	46.080000	-0.241880
964.043030	46.090000	-0.244422
964.231020	46.100000	-0.247111
964.432980	46.110000	-0.249698
964.632020	46.120000	-0.252428
964.844970	46.130000	-0.254637
965.041020	46.140000	-0.257524
965.237000	46.150000	-0.260378
965.419010	46.160000	-0.263275
965.627010	46.170000	-0.265422
965.836000	46.180000	-0.268426
966.028020	46.190000	-0.271028
966.237000	46.200000	-0.273767
966.427000	46.210000	-0.276224
966.630000	46.220000	-0.278974
966.818970	46.230000	-0.281471
967.015010	46.240000	-0.284110
967.218020	46.250000	-0.286912
967.409000	46.260000	-0.289121
967.609990	46.270000	-0.292273
967.825010	46.280000	-0.294655
968.013000	46.290000	-0.297557
968.226010	46.300000	-0.299634
968.416990	46.310000	-0.302406
968.620970	46.320000	-0.305716
968.825990	46.330000	-0.308115
969.005000	46.340000	-0.310714
969.216000	46.350000	-0.313139
969.416020	46.360000	-0.316534
969.601990	46.370000	-0.319043
969.794980	46.380000	-0.321847
970.005980	46.390000	-0.323849
970.216000	46.400000	-0.327041
970.393010	46.410000	-0.330056
970.596010	46.420000	-0.332635
970.797970	46.430000	-0.334937
971.005000	46.440000	-0.337947
971.208010	46.450000	-0.340571
971.401980	46.460000	-0.343356
971.604980	46.470000	-0.346201
971.786990	46.480000	-0.349203
971.987000	46.490000	-0.351715
972.185000	46.500000	-0.354372
972.385010	46.510000	-0.356946
972.581970	46.520000	-0.359966
972.784970	46.530000	-0.362343
972.991030	46.540000	-0.365138
973.182010	46.550000	-0.368425
973.380000	46.560000	-0.370684
973.586000	46.570000	-0.373879
973.784970	46.580000	-0.376906
973.969970	46.590000	-0.379426
974.171020	46.600000	-0.382140
974.379030	46.610000	-0.384900
974.573000	46.620000	-0.387562
974.767030	46.630000	-0.390534
974.961000	46.640000	-0.393349
975.161990	46.650000	-0.395789
975.374020	46.660000	-0.398606
975.570980	46.670000	-0.401671
975.773010	46.680000	-0.404473
975.963990	46.690000	-0.407583
976.163020	46.700000	-0.410215
976.370970	46.710000	-0.412857
976.552980	46.720000	-0.416072
976.757020	46.730000	-0.418429
976.950010	46.740000	-0.421346
977.156980	46.750000	-0.424383
977.354980	46.760000	-0.427026
977.547970	46.770000	-0.430036
977.747990	46.780000	-0.433173
977.952030	46.790000	-0.435692
978.156010	46.800000	-0.438837
978.341000	46.810000	-0.441760
978.546020	46.820000	-0.444640
978.739010	46.830000	-0.447484
978.940980	46.840000	-0.450382
979.151980	46.850000	-0.453260
979.340030	46.860000	-0.456030
979.546020	46.870000	-0.458970
979.736020	46.880000	-0.462190
979.932010	46.890000	-0.465060
980.133970	46.900000	-0.467590
980.325010	46.910000	-0.470810
980.531980	46.920000	-0.473660
980.728030	46.930000	-0.476770
980.932980	46.940000	-0.479360
981.124020	46.950000	-0.482580
981.333980	46.960000	-0.485400
981.541020	46.970000	-0.488440
981.734010	46.980000	-0.490790
981.939030	46.990000	-0.494420
982.135010	47.000000	-0.497620
982.325990	47.010000	-0.500360
982.536010	47.020000	-0.503420
982.723020	47.030000	-0.506210
982.919010	47.040000	-0.509160
983.117000	47.050000	-0.511680
983.317990	47.060000	-0.515150
983.523990	47.070000	-0.518290
983.708010	47.080000	-0.520770
983.921020	47.090000	-0.524210
984.109990	47.100000	-0.527190
984.323000	47.110000	-0.529990
984.510010	47.120000	-0.533180
984.713010	47.130000	-0.535990
984.906010	47.140000	-0.539010
985.114990	47.150000	-0.542010
985.314030	47.160000	-0.545170
985.508000	47.170000	-0.548300
985.705990	47.180000	-0.551360
985.905030	47.190000	-0.554000
986.106990	47.200000	-0.557360
986.307010	47.210000	-0.559910
986.508970	47.220000	-0.563110
986.705990	47.230000	-0.566200
986.898010	47.240000	-0.568930
987.106020	47.250000	-0.572700
987.302980	47.260000	-0.575780
987.497990	47.270000	-0.578620
987.695010	47.280000	-0.581460
987.893980	47.290000	-0.584910
988.099980	47.300000	-0.587310
988.284000	47.310000	-0.590570
988.481020	47.320000	-0.594210
988.692990	47.330000	-0.597420
988.890010	47.340000	-0.600320
989.088010	47.350000	-0.603500
989.276000	47.360000	-0.606030
989.481020	47.370000	-0.609550
989.682010	47.380000	-0.612120
989.875980	47.390000	-0.616020
990.078000	47.400000	-0.618790
990.280030	47.410000	-0.621770
990.481020	47.420000	-0.625120
990.676030	47.430000	-0.628080
990.870970	47.440000	-0.631220
991.080020	47.450000	-0.634460
991.276000	47.460000	-0.637700
991.471980	47.470000	-0.640920
991.669010	47.480000	-0.643820
991.861020	47.490000	-0.646820
992.062010	47.500000	-0.649730
992.260010	47.510000	-0.652850
992.473020	47.520000	-0.655900
992.664000	47.530000	-0.659180
992.872010	47.540000	-0.661960
993.068970	47.550000	-0.665600
993.265990	47.560000	-0.668410
993.468020	47.570000	-0.671790
993.656010	47.580000	-0.674640
993.859990	47.590000	-0.677800
994.054020	47.600000	-0.681080
994.255000	47.610000	-0.684210
994.453980	47.620000	-0.687150
994.650020	47.630000	-0.689860
994.866030	47.640000	-0.693820
995.054990	47.650000	-0.696780
995.262020	47.660000	-0.699600
995.456970	47.670000	-0.702660
995.656980	47.680000	-0.706470
995.849000	47.690000	-0.709590
996.046020	47.700000	-0.712640
996.260010	47.710000	-0.715830
996.442990	47.720000	-0.719070
996.650020	47.730000	-0.722020
996.840030	47.740000	-0.724790
997.036990	47.750000	-0.728750
997.244020	47.760000	-0.731750
997.435970	47.770000	-0.734890
997.642030	47.780000	-0.737770
997.831970	47.790000	-0.741260
998.038020	47.800000	-0.744240
998.234990	47.810000	-0.747200
998.432980	47.820000	-0.749730
998.633970	47.830000	-0.752620
998.833010	47.840000	-0.755660
999.038020	47.850000	-0.758650
999.231990	47.860000	-0.761210
999.427000	47.870000	-0.764560
999.633970	47.880000	-0.767310
999.825010	47.890000	-0.770220
1000.026980	47.900000	-0.773070
1000.221980	47.910000	-0.776480
1000.421020	47.920000	-0.779210
1000.619020	47.930000	-0.782380
1000.823000	47.940000	-0.785230
1001.023010	47.950000	-0.788150
1001.210020	47.960000	-0.790700
1001.419980	47.970000	-0.794140
1001.620970	47.980000	-0.797340
1001.814030	47.990000	-0.799610
1002.021000	48.000000	-0.802870
1002.208010	48.010000	-0.806270
1002.432980	48.020000	-0.809270
1002.609010	48.030000	-0.812380
1002.812990	48.040000	-0.815480
1003.004030	48.050000	-0.817790
1003.213990	48.060000	-0.821340
1003.416020	48.070000	-0.824390
1003.604000	48.080000	-0.827410
1003.809020	48.090000	-0.830820
1004.002010	48.100000	-0.833780
1004.210020	48.110000	-0.836480
1004.411990	48.120000	-0.839670
1004.596010	48.130000	-0.842950
1004.797970	48.140000	-0.846420
1004.989990	48.150000	-0.849370
1005.198970	48.160000	-0.852660
1005.401980	48.170000	-0.855460
1005.599980	48.180000	-0.859310
1005.802980	48.190000	-0.861700
1005.987980	48.200000	-0.865020
1006.203980	48.210000	-0.868150
1006.388000	48.220000	-0.872280
1006.591980	48.230000	-0.874930
1006.778020	48.240000	-0.878410
1006.989990	48.250000	-0.881900
1007.195980	48.260000	-0.884940
1007.388000	48.270000	-0.888610
1007.591000	48.280000	-0.891520
1007.778020	48.290000	-0.894590
1007.981020	48.300000	-0.897480
1008.189030	48.310000	-0.901640
1008.388000	48.320000	-0.904760
1008.586980	48.330000	-0.908410
1008.776000	48.340000	-0.911460
1008.979980	48.350000	-0.914360
1009.171020	48.360000	-0.918340
1009.372990	48.370000	-0.921530
1009.586000	48.380000	-0.924780
1009.776000	48.390000	-0.927700
1009.984010	48.400000	-0.931130
1010.169980	48.410000	-0.934320
1010.377990	48.420000	-0.937570
1010.573970	48.430000	-0.940910
1010.765010	48.440000	-0.943860
1010.971010	48.450000	-0.947230
1011.164980	48.460000	-0.950210
1011.364990	48.470000	-0.953190
1011.560970	48.480000	-0.955900
1011.760010	48.490000	-0.958390
1011.952030	48.500000	-0.961910
1012.156980	48.510000	-0.964740
1012.359990	48.520000	-0.967650
1012.560970	48.530000	-0.971040
1012.763000	48.540000	-0.973820
1012.948000	48.550000	-0.976820
1013.159970	48.560000	-0.979950
1013.372990	48.570000	-0.983370
1013.560000	48.580000	-0.986350
1013.758000	48.590000	-0.988950
1013.948000	48.600000	-0.991640
1014.156010	48.610000	-0.995060
1014.357970	48.620000	-0.997810
1014.544980	48.630000	-1.001270
1014.755980	48.640000	-1.004310
1014.937990	48.650000	-1.007110
1015.148010	48.660000	-1.010230
1015.330020	48.670000	-1.013620
1015.539000	48.680000	-1.016530
1015.739990	48.690000	-1.019700
1015.934020	48.700000	-1.022860
1016.146970	48.710000	-1.025450
1016.338010	48.720000	-1.028950
1016.549010	48.730000	-1.031690
1016.750980	48.740000	-1.034600
1016.935000	48.750000	-1.038580
1017.140990	48.760000	-1.041510
1017.340030	48.770000	-1.045270
1017.544980	48.780000	-1.047990
1017.734990	48.790000	-1.051690
1017.924990	48.800000	-1.054290
1018.130980	48.810000	-1.057470
1018.343020	48.820000	-1.061370
1018.531010	48.830000	-1.063900
1018.718990	48.840000	-1.067590
1018.919980	48.850000	-1.071070
1019.117980	48.860000	-1.073940
1019.328980	48.870000	-1.077610
1019.526000	48.880000	-1.080630
1019.713010	48.890000	-1.083860
1019.924010	48.900000	-1.087460
1020.119020	48.910000	-1.090480
1020.336980	48.920000	-1.094010
1020.526980	48.930000	-1.097320
1020.731020	48.940000	-1.100630
1020.924010	48.950000	-1.103910
1021.114990	48.960000	-1.107260
1021.312990	48.970000	-1.110450
1021.513000	48.980000	-1.113860
1021.710020	48.990000	-1.117630
1021.916020	49.000000	-1.120650
1022.099980	49.010000	-1.124270
1022.322020	49.020000	-1.127480
1022.497010	49.030000	-1.130880
1022.698970	49.040000	-1.134530
1022.909000	49.050000	-1.137780
1023.093990	49.060000	-1.141600
1023.304020	49.070000	-1.144450
1023.504030	49.080000	-1.148550
1023.700990	49.090000	-1.152070
1023.911990	49.100000	-1.155260
1024.100950	49.110000	-1.158770
1024.297970	49.120000	-1.162240
1024.491940	49.130000	-1.165790
1024.694950	49.140000	-1.169210
1024.889040	49.150000	-1.172710
1025.092040	49.160000	-1.176540
1025.288940	49.170000	-1.179690
1025.493040	49.180000	-1.183090
1025.696040	49.190000	-1.186540
1025.887940	49.200000	-1.190290
1026.094970	49.210000	-1.193520
1026.287960	49.220000	-1.196960
1026.489990	49.230000	-1.200910
1026.689940	49.240000	-1.204670
1026.885990	49.250000	-1.207690
1027.090940	49.260000	-1.211210
1027.276980	49.270000	-1.215450
1027.489010	49.280000	-1.218320
1027.682010	49.290000	-1.222260
1027.881960	49.300000	-1.225680
1028.078980	49.310000	-1.229480
1028.271000	49.320000	-1.233040
1028.472050	49.330000	-1.236790
1028.662960	49.340000	-1.239870
1028.873050	49.350000	-1.243500
1029.066040	49.360000	-1.247560
1029.272950	49.370000	-1.250870
1029.454960	49.380000	-1.255190
1029.666020	49.390000	-1.258640
1029.859010	49.400000	-1.261880
1030.062990	49.410000	-1.265830
1030.275020	49.420000	-1.269140
1030.458010	49.430000	-1.273390
1030.666020	49.440000	-1.276730
1030.863040	49.450000	-1.280110
1031.051030	49.460000	-1.284140
1031.269040	49.470000	-1.288140
1031.453000	49.480000	-1.291330
1031.659060	49.490000	-1.295480
1031.854000	49.500000	-1.299080
1032.051030	49.510000	-1.303050
1032.253050	49.520000	-1.307180
1032.443970	49.530000	-1.310630
1032.660030	49.540000	-1.314370
1032.843990	49.550000	-1.318240
1033.036990	49.560000	-1.322370
1033.258060	49.570000	-1.326150
1033.457030	49.580000	-1.329380
1033.642940	49.590000	-1.333770
1033.834960	49.600000	-1.337760
1034.041020	49.610000	-1.341420
1034.244020	49.620000	-1.345110
1034.447020	49.630000	-1.348300
1034.640010	49.640000	-1.352830
1034.832030	49.650000	-1.356500
1035.032960	49.660000	-1.360980
1035.250980	49.670000	-1.363420
1035.431030	49.680000	-1.368090
1035.625000	49.690000	-1.371900
1035.824950	49.700000	-1.375640
1036.036990	49.710000	-1.379610
1036.222050	49.720000	-1.383370
1036.432010	49.730000	-1.387780
1036.619020	49.740000	-1.391350
1036.829960	49.750000	-1.395060
1037.030030	49.760000	-1.399110
1037.223020	49.770000	-1.403480
1037.426030	49.780000	-1.407190
1037.616940	49.790000	-1.411190
1037.819950	49.800000	-1.414720
1038.026000	49.810000	-1.418970
1038.237060	49.820000	-1.422970
1038.435060	49.830000	-1.427250
1038.620970	49.840000	-1.430720
1038.813960	49.850000	-1.435260
1039.005980	49.860000	-1.438680
1039.217040	49.870000	-1.442920
1039.413940	49.880000	-1.446100
1039.610960	49.890000	-1.450360
1039.811040	49.900000	-1.454550
1040.011960	49.910000	-1.458620
1040.219970	49.920000	-1.462550
1040.411010	49.930000	-1.466920
1040.613040	49.940000	-1.470540
1040.806030	49.950000	-1.474090
1041.010990	49.960000	-1.478650
1041.203000	49.970000	-1.482530
1041.416990	49.980000	-1.486890
1041.602050	49.990000	-1.490360
1041.792970	50.000000	-1.494660
1041.993040	50.010000	-1.498870
1042.209960	50.020000	-1.503340
1042.384030	50.030000	-1.506790
1042.586060	50.040000	-1.511110
1042.777950	50.050000	-1.515220
1042.989010	50.060000	-1.518590
1043.182010	50.070000	-1.523290
1043.387940	50.080000	-1.527480
1043.588010	50.090000	-1.531260
1043.777950	50.100000	-1.535630
1043.988040	50.110000	-1.539510
1044.185060	50.120000	-1.543950
1044.390990	50.130000	-1.547840
1044.589970	50.140000	-1.551620
1044.792970	50.150000	-1.555610
1044.983030	50.160000	-1.559840
1045.172000	50.170000	-1.564490
1045.375980	50.180000	-1.568840
1045.577030	50.190000	-1.572420
1045.781010	50.200000	-1.576720
1045.969970	50.210000	-1.580560
1046.171020	50.220000	-1.585080
1046.369020	50.230000	-1.589700
1046.581050	50.240000	-1.593470
1046.775020	50.250000	-1.597170
1046.967040	50.260000	-1.601830
1047.175050	50.270000	-1.605400
1047.363040	50.280000	-1.609700
1047.567020	50.290000	-1.614750
1047.771970	50.300000	-1.618600
1047.957030	50.310000	-1.622730
1048.166020	50.320000	-1.626600
1048.369020	50.330000	-1.631050
1048.551030	50.340000	-1.636230
1048.770020	50.350000	-1.640020
1048.959960	50.360000	-1.644360
1049.160030	50.370000	-1.648830
1049.360960	50.380000	-1.653220
1049.562010	50.390000	-1.657570
1049.753050	50.400000	-1.661830
1049.941040	50.410000	-1.665810
1050.144040	50.420000	-1.670440
1050.345950	50.430000	-1.674900
1050.553960	50.440000	-1.677950
1050.754030	50.450000	-1.682310
1050.942020	50.460000	-1.686920
1051.145020	50.470000	-1.691790
1051.338010	50.480000	-1.695650
1051.547000	50.490000	-1.700250
1051.743040	50.500000	-1.704960
1051.935060	50.510000	-1.709180
1052.142940	50.520000	-1.713430
1052.332030	50.530000	-1.718080
1052.536990	50.540000	-1.721980
1052.732060	50.550000	-1.726510
1052.935060	50.560000	-1.730280
1053.126950	50.570000	-1.734980
1053.332030	50.580000	-1.739520
1053.536990	50.590000	-1.744090
1053.730960	50.600000	-1.748130
1053.930050	50.610000	-1.752630
1054.125000	50.620000	-1.756440
1054.324950	50.630000	-1.761550
1054.531980	50.640000	-1.765490
1054.719970	50.650000	-1.770070
1054.922970	50.660000	-1.773740
1055.118040	50.670000	-1.778950
1055.329960	50.680000	-1.782920
1055.515990	50.690000	-1.787620
1055.729000	50.700000	-1.792130
1055.926030	50.710000	-1.796410
1056.129030	50.720000	-1.800950
1056.314940	50.730000	-1.805380
1056.504030	50.740000	-1.809380
1056.712040	50.750000	-1.814630
1056.927000	50.760000	-1.818860
1057.119020	50.770000	-1.823040
1057.317990	50.780000	-1.827140
1057.521000	50.790000	-1.831620
1057.727050	50.800000	-1.836540
1057.922000	50.810000	-1.840660
1058.110960	50.820000	-1.845480
1058.305050	50.830000	-1.849610
1058.494020	50.840000	-1.853950
1058.709960	50.850000	-1.858190
1058.896000	50.860000	-1.862870
1059.121950	50.870000	-1.868130
1059.307010	50.880000	-1.871700
1059.510010	50.890000	-1.876390
1059.707030	50.900000	-1.880950
1059.895020	50.910000	-1.885280
1060.094970	50.920000	-1.889950
1060.291990	50.930000	-1.894470
1060.500000	50.940000	-1.897980
1060.698970	50.950000	-1.903230
1060.896000	50.960000	-1.908300
1061.098020	50.970000	-1.911760
1061.290040	50.980000	-1.916810
1061.491940	50.990000	-1.921460
1061.686040	51.000000	-1.926030
1061.897950	51.010000	-1.930040
1062.097050	51.020000	-1.934340
1062.292970	51.030000	-1.939470
1062.494020	51.040000	-1.943550
1062.681030	51.050000	-1.948250
1062.880980	51.060000	-1.953110
1063.088990	51.070000	-1.957960
1063.272950	51.080000	-1.962030
1063.479000	51.090000	-1.967440
1063.675050	51.100000	-1.971490
1063.878050	51.110000	-1.976300
1064.084960	51.120000	-1.980500
1064.272950	51.130000	-1.985840
1064.468990	51.140000	-1.990200
1064.666020	51.150000	-1.993870
1064.879030	51.160000	-1.998850
1065.061040	51.170000	-2.003860
1065.282960	51.180000	-2.007880
1065.474000	51.190000	-2.012880
1065.676030	51.200000	-2.017080
1065.869020	51.210000	-2.021320
1066.073970	51.220000	-2.027160
1066.270020	51.230000	-2.031110
1066.470950	51.240000	-2.036540
1066.673950	51.250000	-2.040470
1066.860960	51.260000	-2.045520
1067.071040	51.270000	-2.050030
1067.272950	51.280000	-2.055330
1067.467040	51.290000	-2.059450
1067.668950	51.300000	-2.063360
1067.855960	51.310000	-2.069070
1068.064940	51.320000	-2.073450
1068.271000	51.330000	-2.078220
1068.448000	51.340000	-2.082020
1068.651000	51.350000	-2.087560
1068.853030	51.360000	-2.091960
1069.064940	51.370000	-2.097020
1069.245970	51.380000	-2.101960
1069.453980	51.390000	-2.106590
1069.646970	51.400000	-2.110520
1069.857060	51.410000	-2.115290
1070.052000	51.420000	-2.119510
1070.244020	51.430000	-2.125350
1070.453000	51.440000	-2.129030
1070.626950	51.450000	-2.133840
1070.833980	51.460000	-2.138110
1071.043950	51.470000	-2.143350
1071.234010	51.480000	-2.148570
1071.451050	51.490000	-2.153290
1071.640990	51.500000	-2.158100
1071.852050	51.510000	-2.161780
1072.032960	51.520000	-2.167360
1072.237060	51.530000	-2.171960
1072.446040	51.540000	-2.177010
1072.633060	51.550000	-2.181310
1072.828980	51.560000	-2.186280
1073.021970	51.570000	-2.191300
1073.229000	51.580000	-2.196650
1073.438960	51.590000	-2.200720
1073.630000	51.600000	-2.205150
1073.842040	51.610000	-2.210470
1074.031980	51.620000	-2.214350
1074.235960	51.630000	-2.219050
1074.433960	51.640000	-2.224470
1074.620000	51.650000	-2.229190
1074.816040	51.660000	-2.234070
1075.021000	51.670000	-2.237570
1075.237060	51.680000	-2.243700
1075.417970	51.690000	-2.247330
1075.625980	51.700000	-2.252610
1075.813960	51.710000	-2.257790
1076.019040	51.720000	-2.262910
1076.224980	51.730000	-2.267310
1076.411010	51.740000	-2.272790
1076.621950	51.750000	-2.277590
1076.807010	51.760000	-2.282550
1077.017940	51.770000	-2.285820
1077.222050	51.780000	-2.291950
1077.418950	51.790000	-2.296880
1077.615970	51.800000	-2.301560
1077.811040	51.810000	-2.305440
1078.027950	51.820000	-2.309990
1078.209960	51.830000	-2.315550
1078.404050	51.840000	-2.320550
1078.605960	51.850000	-2.324950
1078.795040	51.860000	-2.329990
1079.005000	51.870000	-2.334560
1079.187010	51.880000	-2.339160
1079.401000	51.890000	-2.344820
1079.613040	51.900000	-2.349870
1079.802980	51.910000	-2.354830
1079.999020	51.920000	-2.359150
1080.193970	51.930000	-2.364520
1080.409060	51.940000	-2.368650
1080.599980	51.950000	-2.373580
1080.790040	51.960000	-2.378560
1080.995000	51.970000	-2.382820
1081.192020	51.980000	-2.388030
1081.397950	51.990000	-2.392760
1081.588010	52.000000	-2.398280
1081.791990	52.010000	-2.403160
1081.980960	52.020000	-2.407560
1082.176030	52.030000	-2.412830
1082.391970	52.040000	-2.417540
1082.599980	52.050000	-2.421820
1082.792970	52.060000	-2.427740
1082.980960	52.070000	-2.432690
1083.192990	52.080000	-2.436530
1083.380980	52.090000	-2.440610
1083.583980	52.100000	-2.446100
1083.781980	52.110000	-2.451540
1083.974980	52.120000	-2.456950
1084.186040	52.130000	-2.461280
1084.375000	52.140000	-2.465050
1084.581050	52.150000	-2.471960
1084.781010	52.160000	-2.476130
1084.974980	52.170000	-2.481330
1085.181030	52.180000	-2.486000
1085.374020	52.190000	-2.491450
1085.577030	52.200000	-2.496230
1085.785030	52.210000	-2.501010
1085.973020	52.220000	-2.506510
1086.163940	52.230000	-2.511360
1086.359990	52.240000	-2.515910
1086.567020	52.250000	-2.521200
1086.761960	52.260000	-2.526200
1086.963010	52.270000	-2.530480
1087.156010	52.280000	-2.536060
1087.355960	52.290000	-2.541130
1087.571040	52.300000	-2.545750
1087.766970	52.310000	-2.550910
1087.968990	52.320000	-2.555880
1088.160030	52.330000	-2.560470
1088.362060	52.340000	-2.564290
1088.546020	52.350000	-2.570520
1088.745000	52.360000	-2.575300
1088.961060	52.370000	-2.580530
1089.145020	52.380000	-2.584640
1089.353030	52.390000	-2.589950
1089.538940	52.400000	-2.595340
1089.749020	52.410000	-2.600580
1089.948970	52.420000	-2.605640
1090.144040	52.430000	-2.611170
1090.352050	52.440000	-2.615490
1090.538940	52.450000	-2.620670
1090.753050	52.460000	-2.625140
1090.948000	52.470000	-2.630210
1091.141970	52.480000	-2.635610
1091.348020	52.490000	-2.640940
1091.541020	52.500000	-2.644970
1091.753050	52.510000	-2.651140
1091.937010	52.520000	-2.656670
1092.131960	52.530000	-2.661720
1092.338010	52.540000	-2.664950
1092.531980	52.550000	-2.671020
1092.738040	52.560000	-2.676890
1092.937010	52.570000	-2.682160
1093.130000	52.580000	-2.687760
1093.338990	52.590000	-2.691130
1093.531980	52.600000	-2.697910
1093.737060	52.610000	-2.702960
1093.921020	52.620000	-2.706310
1094.128050	52.630000	-2.711710
1094.317990	52.640000	-2.717310
1094.521970	52.650000	-2.721980
1094.713990	52.660000	-2.728690
1094.920040	52.670000	-2.732360
1095.120970	52.680000	-2.738980
1095.328980	52.690000	-2.744030
1095.520020	52.700000	-2.749160
1095.712040	52.710000	-2.753540
1095.912960	52.720000	-2.759730
1096.116940	52.730000	-2.763600
1096.312990	52.740000	-2.769330
1096.510010	52.750000	-2.774710
1096.701050	52.760000	-2.780050
1096.904050	52.770000	-2.784780
1097.099000	52.780000	-2.789900
1097.306030	52.790000	-2.795250
1097.501950	52.800000	-2.801070
1097.697020	52.810000	-2.805930
1097.906010	52.820000	-2.810320
1098.098020	52.830000	-2.816330
1098.302000	52.840000	-2.820640
1098.503050	52.850000	-2.826680
1098.696040	52.860000	-2.831810
1098.902950	52.870000	-2.837120
1099.088990	52.880000	-2.840550
1099.286990	52.890000	-2.847440
1099.493040	52.900000	-2.852210
1099.693970	52.910000	-2.858450
1099.890010	52.920000	-2.862280
1100.093990	52.930000	-2.867980
1100.296020	52.940000	-2.873370
1100.500000	52.950000	-2.877950
1100.692990	52.960000	-2.883690
1100.885010	52.970000	-2.889860
1101.088010	52.980000	-2.894710
1101.297000	52.990000	-2.900530
1101.496950	53.000000	-2.905490
1101.691040	53.010000	-2.910720
1101.885990	53.020000	-2.915840
1102.083980	53.030000	-2.920980
1102.281980	53.040000	-2.926210
1102.485960	53.050000	-2.931110
1102.680050	53.060000	-2.936540
1102.870970	53.070000	-2.942810
1103.087040	53.080000	-2.947690
1103.272950	53.090000	-2.952990
1103.474980	53.100000	-2.958930
1103.686040	53.110000	-2.964170
1103.873050	53.120000	-2.968900
1104.092040	53.130000	-2.975010
1104.272950	53.140000	-2.980860
1104.484010	53.150000	-2.985840
1104.662960	53.160000	-2.990990
1104.869020	53.170000	-2.996520
1105.073000	53.180000	-3.001620
1105.265990	53.190000	-3.007550
1105.464970	53.200000	-3.012380
1105.659060	53.210000	-3.018120
1105.873050	53.220000	-3.023870
1106.067990	53.230000	-3.028380
1106.265990	53.240000	-3.033930
1106.462040	53.250000	-3.039180
1106.655030	53.260000	-3.045270
1106.866940	53.270000	-3.050390
1107.061040	53.280000	-3.056820
1107.262940	53.290000	-3.062480
1107.452030	53.300000	-3.066690
1107.655030	53.310000	-3.072770
1107.864990	53.320000	-3.077710
1108.058960	53.330000	-3.082580
1108.258060	53.340000	-3.089310
1108.442020	53.350000	-3.095240
1108.649050	53.360000	-3.100300
1108.862060	53.370000	-3.105860
1109.041020	53.380000	-3.110250
1109.259030	53.390000	-3.115340
1109.452030	53.400000	-3.122160
1109.647950	53.410000	-3.126580
1109.839970	53.420000	-3.132010
1110.046020	53.430000	-3.139540
1110.243040	53.440000	-3.144660
1110.436040	53.450000	-3.150290
1110.640990	53.460000	-3.156180
1110.842040	53.470000	-3.160260
1111.038940	53.480000	-3.166730
1111.234010	53.490000	-3.171580
1111.437010	53.500000	-3.176990
1111.640010	53.510000	-3.181900
1111.844970	53.520000	-3.188730
1112.046020	53.530000	-3.194060
1112.229980	53.540000	-3.198630
1112.437010	53.550000	-3.202840
1112.629030	53.560000	-3.209370
1112.833010	53.570000	-3.215480
1113.031010	53.580000	-3.221270
1113.218020	53.590000	-3.227210
1113.427980	53.600000	-3.232300
1113.625980	53.610000	-3.236340
1113.823970	53.620000	-3.242490
1114.029050	53.630000	-3.248770
1114.234990	53.640000	-3.254960
1114.432980	53.650000	-3.260920
1114.620000	53.660000	-3.266230
1114.828980	53.670000	-3.270540
1115.012940	53.680000	-3.276430
1115.217040	53.690000	-3.282330
1115.411010	53.700000	-3.287660
1115.618040	53.710000	-3.293400
1115.821040	53.720000	-3.298880
1116.009030	53.730000	-3.304930
1116.218990	53.740000	-3.310680
1116.410030	53.750000	-3.314950
1116.614010	53.760000	-3.320640
1116.818970	53.770000	-3.326410
1117.005980	53.780000	-3.332440
1117.218020	53.790000	-3.338800
1117.409060	53.800000	-3.343850
1117.613040	53.810000	-3.348770
1117.802000	53.820000	-3.354850
1118.014040	53.830000	-3.359890
1118.213990	53.840000	-3.364500
1118.411010	53.850000	-3.371830
1118.614990	53.860000	-3.377930
1118.806030	53.870000	-3.382440
1119.014040	53.880000	-3.389740
1119.215940	53.890000	-3.394670
1119.411010	53.900000	-3.400780
1119.605960	53.910000	-3.406400
1119.798950	53.920000	-3.411420
1120.004030	53.930000	-3.417590
1120.209960	53.940000	-3.423310
1120.411990	53.950000	-3.429130
1120.609010	53.960000	-3.432510
1120.796020	53.970000	-3.440410
1121.003050	53.980000	-3.445950
1121.203980	53.990000	-3.452280
1121.395020	54.000000	-3.458310
1121.598020	54.010000	-3.463460
1121.792970	54.020000	-3.467320
1122.004030	54.030000	-3.474990
1122.192020	54.040000	-3.481230
1122.391970	54.050000	-3.486450
1122.588010	54.060000	-3.491210
1122.797000	54.070000	-3.498260
1122.982060	54.080000	-3.504760
1123.193970	54.090000	-3.509100
1123.390990	54.100000	-3.514790
1123.586060	54.110000	-3.520360
1123.790040	54.120000	-3.525830
1123.979980	54.130000	-3.533630
1124.182980	54.140000	-3.539780
1124.396970	54.150000	-3.542390
1124.579960	54.160000	-3.550590
1124.793950	54.170000	-3.554940
1124.983030	54.180000	-3.562740
1125.183960	54.190000	-3.568190
1125.390010	54.200000	-3.574020
1125.588990	54.210000	-3.579010
1125.779050	54.220000	-3.582970
1125.979000	54.230000	-3.590260
1126.181030	54.240000	-3.595920
1126.380000	54.250000	-3.603510
1126.586060	54.260000	-3.608850
1126.775020	54.270000	-3.613730
1126.984990	54.280000	-3.621140
1127.175050	54.290000	-3.626240
1127.378050	54.300000	-3.632230
1127.577030	54.310000	-3.638010
1127.765990	54.320000	-3.642950
1127.967040	54.330000	-3.649610
1128.163940	54.340000	-3.655800
1128.369020	54.350000	-3.660100
1128.573000	54.360000	-3.666350
1128.766970	54.370000	-3.674210
1128.968990	54.380000	-3.679700
1129.167970	54.390000	-3.685710
1129.371950	54.400000	-3.691180
1129.567020	54.410000	-3.696340
1129.760010	54.420000	-3.703070
1129.967040	54.430000	-3.709250
1130.160030	54.440000	-3.714390
1130.364990	54.450000	-3.721420
1130.573970	54.460000	-3.727180
1130.748050	54.470000	-3.733050
1130.938960	54.480000	-3.739210
1131.157960	54.490000	-3.744580
1131.354000	54.500000	-3.750280
1131.547000	54.510000	-3.756900
1131.743040	54.520000	-3.760960
1131.943970	54.530000	-3.767680
1132.151000	54.540000	-3.774240
1132.360960	54.550000	-3.780910
1132.555050	54.560000	-3.785840
1132.754030	54.570000	-3.792460
1132.943970	54.580000	-3.798010
1133.152950	54.590000	-3.804440
1133.334960	54.600000	-3.809480
1133.541020	54.610000	-3.815160
1133.734010	54.620000	-3.822510
1133.937010	54.630000	-3.828860
1134.137940	54.640000	-3.834670
1134.332030	54.650000	-3.840730
1134.541020	54.660000	-3.847520
1134.741940	54.670000	-3.852600
1134.928960	54.680000	-3.858550
1135.136960	54.690000	-3.862900
1135.326050	54.700000	-3.870640
1135.536010	54.710000	-3.877460
1135.740970	54.720000	-3.882830
1135.946040	54.730000	-3.890100
1136.130980	54.740000	-3.894510
1136.328000	54.750000	-3.901930
1136.527950	54.760000	-3.907180
1136.724980	54.770000	-3.914060
1136.939940	54.780000	-3.918400
1137.130000	54.790000	-3.925490
1137.331050	54.800000	-3.931640
1137.531980	54.810000	-3.938180
1137.723020	54.820000	-3.942330
1137.926030	54.830000	-3.948050
1138.113040	54.840000	-3.954450
1138.323000	54.850000	-3.961340
1138.512940	54.860000	-3.968950
1138.717040	54.870000	-3.974300
1138.920040	54.880000	-3.979440
1139.115970	54.890000	-3.987020
1139.314940	54.900000	-3.993680
1139.522950	54.910000	-4.000570
1139.723020	54.920000	-4.003730
1139.927980	54.930000	-4.011460
1140.114010	54.940000	-4.017900
1140.317990	54.950000	-4.024190
1140.515010	54.960000	-4.030570
1140.728030	54.970000	-4.034510
1140.923950	54.980000	-4.043160
1141.107060	54.990000	-4.047890
1141.307980	55.000000	-4.054950
1141.501950	55.010000	-4.061180
1141.703980	55.020000	-4.067500
1141.906980	55.030000	-4.074000
1142.118040	55.040000	-4.080630
1142.307010	55.050000	-4.085790
1142.510990	55.060000	-4.092460
1142.714970	55.070000	-4.099010
1142.906980	55.080000	-4.104940
1143.114010	55.090000	-4.110100
1143.302980	55.100000	-4.114320
1143.494020	55.110000	-4.122890
1143.697020	55.120000	-4.129860
1143.900020	55.130000	-4.135020
1144.114010	55.140000	-4.141620
1144.297000	55.150000	-4.148440
1144.517940	55.160000	-4.153880
1144.693970	55.170000	-4.161010
1144.897950	55.180000	-4.166370
1145.112060	55.190000	-4.172280
1145.292970	55.200000	-4.179480
1145.498050	55.210000	-4.186310
1145.692020	55.220000	-4.192100
1145.896000	55.230000	-4.198670
1146.109990	55.240000	-4.204510
1146.300050	55.250000	-4.211730
1146.485960	55.260000	-4.217140
1146.688960	55.270000	-4.223120
1146.885990	55.280000	-4.229090
1147.083980	55.290000	-4.236310
1147.296020	55.300000	-4.239970
1147.484990	55.310000	-4.248530
1147.683960	55.320000	-4.254900
1147.894040	55.330000	-4.261370
1148.088010	55.340000	-4.265640
1148.290040	55.350000	-4.273490
1148.484990	55.360000	-4.278590
1148.688960	55.370000	-4.286190
1148.885990	55.380000	-4.291010
1149.089970	55.390000	-4.299090
1149.297970	55.400000	-4.305330
1149.479000	55.410000	-4.311010
1149.681030	55.420000	-4.317100
1149.874020	55.430000	-4.323150
1150.087040	55.440000	-4.330090
1150.295040	55.450000	-4.335340
1150.491940	55.460000	-4.342820
1150.692020	55.470000	-4.348420
1150.874020	55.480000	-4.352650
1151.088010	55.490000	-4.360110
1151.291020	55.500000	-4.365560
1151.483030	55.510000	-4.372620
1151.667970	55.520000	-4.377990
1151.875980	55.530000	-4.386340
1152.078000	55.540000	-4.393420
1152.269040	55.550000	-4.399600
1152.479980	55.560000	-4.405740
1152.659060	55.570000	-4.412640
1152.873050	55.580000	-4.418750
1153.069950	55.590000	-4.422460
1153.269040	55.600000	-4.430950
1153.468020	55.610000	-4.435140
1153.666020	55.620000	-4.443120
1153.875980	55.630000	-4.449470
1154.060060	55.640000	-4.455940
1154.270020	55.650000	-4.462620
1154.474000	55.660000	-4.470630
1154.666020	55.670000	-4.475690
1154.864010	55.680000	-4.482990
1155.057980	55.690000	-4.486940
1155.260990	55.700000	-4.494880
1155.468990	55.710000	-4.501040
1155.666020	55.720000	-4.509230
1155.869020	55.730000	-4.512810
1156.066040	55.740000	-4.519730
1156.266970	55.750000	-4.527770
1156.457030	55.760000	-4.532980
1156.666990	55.770000	-4.541020
1156.858030	55.780000	-4.545940
1157.047970	55.790000	-4.553160
1157.255000	55.800000	-4.560090
1157.448000	55.810000	-4.566940
1157.650020	55.820000	-4.573240
1157.847050	55.830000	-4.577070
1158.050050	55.840000	-4.584650
1158.265010	55.850000	-4.592030
1158.448970	55.860000	-4.599660
1158.651980	55.870000	-4.603600
1158.847050	55.880000	-4.611020
1159.045040	55.890000	-4.618730
1159.245970	55.900000	-4.624840
1159.444950	55.910000	-4.631980
1159.640990	55.920000	-4.638510
1159.837040	55.930000	-4.644450
1160.036990	55.940000	-4.650160
1160.233030	55.950000	-4.659080
1160.453980	55.960000	-4.664050
1160.644040	55.970000	-4.669580
1160.828980	55.980000	-4.677960
1161.036010	55.990000	-4.684950
1161.235960	56.000000	-4.687680
1161.437990	56.010000	-4.695940
1161.628050	56.020000	-4.704380
1161.834960	56.030000	-4.709450
1162.022950	56.040000	-4.716680
1162.233030	56.050000	-4.723780
1162.426030	56.060000	-4.730620
1162.625980	56.070000	-4.735740
1162.838010	56.080000	-4.742490
1163.021000	56.090000	-4.748530
1163.222050	56.100000	-4.754590
1163.439940	56.110000	-4.762600
1163.625000	56.120000	-4.769440
1163.833980	56.130000	-4.777140
1164.024050	56.140000	-4.782560
1164.234990	56.150000	-4.787900
1164.418950	56.160000	-4.794130
1164.621950	56.170000	-4.800200
1164.823000	56.180000	-4.809160
1165.020020	56.190000	-4.815160
1165.229000	56.200000	-4.823600
1165.418950	56.210000	-4.829960
1165.618040	56.220000	-4.835220
1165.821040	56.230000	-4.842360
1166.011960	56.240000	-4.847570
1166.207030	56.250000	-4.855790
1166.415040	56.260000	-4.862540
1166.609010	56.270000	-4.867940
1166.803960	56.280000	-4.874490
1167.011960	56.290000	-4.882090
1167.201050	56.300000	-4.888490
1167.417970	56.310000	-4.895610
1167.614990	56.320000	-4.900820
1167.805050	56.330000	-4.907790
1168.014040	56.340000	-4.915370
1168.203000	56.350000	-4.919420
1168.417970	56.360000	-4.926880
1168.590940	56.370000	-4.934560
1168.816040	56.380000	-4.940670
1169.008060	56.390000	-4.947470
1169.202030	56.400000	-4.955150
1169.402950	56.410000	-4.962360
1169.598020	56.420000	-4.968900
1169.813960	56.430000	-4.974980
1170.017940	56.440000	-4.978820
1170.207030	56.450000	-4.984780
1170.402950	56.460000	-4.992950
1170.592040	56.470000	-5.002320
1170.805050	56.480000	-5.008280
1171.005980	56.490000	-5.013550
1171.194950	56.500000	-5.020550
1171.416020	56.510000	-5.028180
1171.600950	56.520000	-5.033960
1171.800050	56.530000	-5.041000
1171.995970	56.540000	-5.049530
1172.192020	56.550000	-5.055940
1172.396970	56.560000	-5.060520
1172.608030	56.570000	-5.068500
1172.796020	56.580000	-5.075700
1173.003050	56.590000	-5.081710
1173.189940	56.600000	-5.090160
1173.381960	56.610000	-5.095130
1173.583980	56.620000	-5.101360
1173.771000	56.630000	-5.108220
1173.983030	56.640000	-5.116430
1174.191040	56.650000	-5.123230
1174.384030	56.660000	-5.127430
1174.593990	56.670000	-5.131680
1174.790040	56.680000	-5.141660
1174.995000	56.690000	-5.148540
1175.199950	56.700000	-5.156190
1175.383060	56.710000	-5.162550
1175.593020	56.720000	-5.169590
1175.772950	56.730000	-5.176210
1175.983030	56.740000	-5.181180
1176.172970	56.750000	-5.188050
1176.380000	56.760000	-5.196540
1176.567020	56.770000	-5.203440
1176.779050	56.780000	-5.207140
1176.977050	56.790000	-5.214510
1177.170040	56.800000	-5.220670
1177.385990	56.810000	-5.229900
1177.578000	56.820000	-5.235780
1177.772950	56.830000	-5.241240
1177.980960	56.840000	-5.248590
1178.176030	56.850000	-5.256570
1178.380000	56.860000	-5.263020
1178.577030	56.870000	-5.270010
1178.769040	56.880000	-5.277720
1178.958010	56.890000	-5.281320
1179.172000	56.900000	-5.289800
1179.375980	56.910000	-5.296600
1179.560060	56.920000	-5.302230
1179.765990	56.930000	-5.308660
1179.959960	56.940000	-5.316670
1180.166020	56.950000	-5.323520
1180.368040	56.960000	-5.329440
1180.563960	56.970000	-5.336690
1180.765990	56.980000	-5.344010
1180.954960	56.990000	-5.348540
1181.165040	57.000000	-5.357340
1181.363040	57.010000	-5.363910
1181.566040	57.020000	-5.370020
1181.746950	57.030000	-5.376760
1181.952030	57.040000	-5.382980
1182.156010	57.050000	-5.389250
1182.345950	57.060000	-5.397380
1182.553960	57.070000	-5.404290
1182.750000	57.080000	-5.407610
1182.951050	57.090000	-5.414640
1183.155030	57.100000	-5.423460
1183.357060	57.110000	-5.430560
1183.552980	57.120000	-5.437960
1183.755000	57.130000	-5.444000
1183.948000	57.140000	-5.448490
1184.140990	57.150000	-5.456760
1184.353030	57.160000	-5.463380
1184.551030	57.170000	-5.472220
1184.739010	57.180000	-5.478680
1184.949950	57.190000	-5.484470
1185.140010	57.200000	-5.491210
1185.343990	57.210000	-5.497850
1185.552000	57.220000	-5.504580
1185.740970	57.230000	-5.510720
1185.948000	57.240000	-5.517530
1186.139040	57.250000	-5.523990
1186.354980	57.260000	-5.530710
1186.536010	57.270000	-5.538250
1186.745000	57.280000	-5.544880
1186.938960	57.290000	-5.552320
1187.144040	57.300000	-5.555520
1187.350950	57.310000	-5.561960
1187.541020	57.320000	-5.570910
1187.739990	57.330000	-5.578520
1187.933960	57.340000	-5.585180
1188.129030	57.350000	-5.591640
1188.337040	57.360000	-5.597870
1188.521970	57.370000	-5.606900
1188.739010	57.380000	-5.612860
1188.941040	57.390000	-5.619890
1189.140010	57.400000	-5.624610
1189.323970	57.410000	-5.632490
1189.536010	57.420000	-5.639120
1189.745000	57.430000	-5.644950
1189.937010	57.440000	-5.650700
1190.135990	57.450000	-5.659520
1190.333010	57.460000	-5.666180
1190.531010	57.470000	-5.672410
1190.733030	57.480000	-5.679160
1190.932010	57.490000	-5.685500
1191.114990	57.500000	-5.694150
1191.321040	57.510000	-5.700120
1191.536990	57.520000	-5.705150
1191.722050	57.530000	-5.709880
1191.935060	57.540000	-5.720740
1192.125000	57.550000	-5.728090
1192.319950	57.560000	-5.733200
1192.524050	57.570000	-5.741190
1192.724000	57.580000	-5.747600
1192.928960	57.590000	-5.751890
1193.121950	57.600000	-5.760860
1193.316040	57.610000	-5.766130
1193.509030	57.620000	-5.771220
1193.718990	57.630000	-5.779970
1193.916020	57.640000	-5.785750
1194.107060	57.650000	-5.792410
1194.319950	57.660000	-5.797110
1194.512940	57.670000	-5.808060
1194.713010	57.680000	-5.813660
1194.922000	57.690000	-5.820450
1195.114990	57.700000	-5.826930
1195.317020	57.710000	-5.834940
1195.495000	57.720000	-5.841590
1195.704960	57.730000	-5.848250
1195.896970	57.740000	-5.853580
1196.102050	57.750000	-5.862070
1196.318970	57.760000	-5.867160
1196.500000	57.770000	-5.875480
1196.706050	57.780000	-5.882700
1196.897950	57.790000	-5.885980
1197.115970	57.800000	-5.895620
1197.312010	57.810000	-5.897870
1197.504030	57.820000	-5.906370
1197.707030	57.830000	-5.913960
1197.899050	57.840000	-5.922200
1198.089970	57.850000	-5.929000
1198.288940	57.860000	-5.935500
1198.500980	57.870000	-5.942130
1198.699950	57.880000	-5.946990
1198.900020	57.890000	-5.954260
1199.123050	57.900000	-5.962430
1199.292970	57.910000	-5.969180
1199.503050	57.920000	-5.974240
1199.699950	57.930000	-5.982230
1199.904050	57.940000	-5.988690
1200.097050	57.950000	-5.993860
1200.288940	57.960000	-6.000320
1200.504030	57.970000	-6.007910
1200.703980	57.980000	-6.013910
1200.895020	57.990000	-6.021530
1201.087040	58.000000	-6.028630
1201.298950	58.010000	-6.035540
1201.488040	58.020000	-6.041290
1201.683960	58.030000	-6.047990
1201.890010	58.040000	-6.054670
1202.074950	58.050000	-6.061500
1202.296020	58.060000	-6.066410
1202.495970	58.070000	-6.073930
1202.694950	58.080000	-6.081910
1202.890010	58.090000	-6.088700
1203.082030	58.100000	-6.094600
1203.293950	58.110000	-6.100680
1203.475950	58.120000	-6.106690
1203.682010	58.130000	-6.112730
1203.875980	58.140000	-6.120480
1204.074950	58.150000	-6.124460
1204.285030	58.160000	-6.133960
1204.475950	58.170000	-6.140050
1204.677000	58.180000	-6.142240
1204.876950	58.190000	-6.152280
1205.084960	58.200000	-6.158180
1205.279050	58.210000	-6.163690
1205.467040	58.220000	-6.171540
1205.678960	58.230000	-6.178240
1205.875000	58.240000	-6.185870
1206.084960	58.250000	-6.190380
1206.274050	58.260000	-6.197970
1206.479980	58.270000	-6.205350
1206.677980	58.280000	-6.210970
1206.871950	58.290000	-6.213650
1207.078000	58.300000	-6.220510
1207.262940	58.310000	-6.228770
1207.474000	58.320000	-6.232860
1207.682980	58.330000	-6.241420
1207.862060	58.340000	-6.246210
1208.052980	58.350000	-6.255510
1208.258060	58.360000	-6.261340
1208.453980	58.370000	-6.268070
1208.649050	58.380000	-6.275870
1208.859010	58.390000	-6.282130
1209.055050	58.400000	-6.286990
1209.264040	58.410000	-6.294170
1209.463010	58.420000	-6.299310
1209.667970	58.430000	-6.305210
1209.864010	58.440000	-6.312950
1210.053960	58.450000	-6.318550
1210.259030	58.460000	-6.325640
1210.449950	58.470000	-6.330900
1210.642940	58.480000	-6.339290
1210.855960	58.490000	-6.344910
1211.057980	58.500000	-6.350300
1211.262940	58.510000	-6.357770
1211.448970	58.520000	-6.364400
1211.656980	58.530000	-6.367500
1211.864990	58.540000	-6.375070
1212.062990	58.550000	-6.381240
1212.265990	58.560000	-6.387270
1212.449950	58.570000	-6.393140
1212.646000	58.580000	-6.397660
1212.847050	58.590000	-6.406630
1213.053960	58.600000	-6.410550
1213.249020	58.610000	-6.418250
1213.451050	58.620000	-6.422170
1213.655030	58.630000	-6.430370
1213.844970	58.640000	-6.436220
1214.050050	58.650000	-6.444220
1214.244020	58.660000	-6.449890
1214.449950	58.670000	-6.455270
1214.662960	58.680000	-6.461270
1214.852050	58.690000	-6.467300
1215.050050	58.700000	-6.475040
1215.239010	58.710000	-6.479830
1215.443970	58.720000	-6.483080
1215.641970	58.730000	-6.492600
1215.843990	58.740000	-6.496260
1216.057010	58.750000	-6.502280
1216.248050	58.760000	-6.509220
1216.443970	58.770000	-6.517580
1216.646970	58.780000	-6.522510
1216.843020	58.790000	-6.529290
1217.051030	58.800000	-6.534500
1217.239990	58.810000	-6.539810
1217.433960	58.820000	-6.543510
1217.628050	58.830000	-6.550600
1217.844970	58.840000	-6.557960
1218.030030	58.850000	-6.563940
1218.248050	58.860000	-6.568100
1218.422000	58.870000	-6.574340
1218.635010	58.880000	-6.579430
1218.843020	58.890000	-6.587240
1219.030030	58.900000	-6.593730
1219.237060	58.910000	-6.597450
1219.427000	58.920000	-6.605300
1219.635010	58.930000	-6.611260
1219.829960	58.940000	-6.616210
1220.032960	58.950000	-6.621710
1220.238040	58.960000	-6.627910
1220.432010	58.970000	-6.634150
1220.640010	58.980000	-6.637760
1220.823000	58.990000	-6.644160
1221.030030	59.000000	-6.649270
1221.241940	59.010000	-6.657180
1221.423950	59.020000	-6.663180
1221.639040	59.030000	-6.665430
1221.824950	59.040000	-6.671000
1222.037960	59.050000	-6.677170
1222.218990	59.060000	-6.683550
1222.427980	59.070000	-6.688990
1222.625000	59.080000	-6.694610
1222.817990	59.090000	-6.703140
1223.021970	59.100000	-6.707320
1223.212040	59.110000	-6.713190
1223.431030	59.120000	-6.717680
1223.620000	59.130000	-6.723660
1223.822020	59.140000	-6.729240
1224.026980	59.150000	-6.734800
1224.215940	59.160000	-6.739190
1224.426030	59.170000	-6.744190
1224.600950	59.180000	-6.752870
1224.812010	59.190000	-6.759590
1225.011960	59.200000	-6.763840
1225.218990	59.210000	-6.768640
1225.416990	59.220000	-6.773350
1225.614990	59.230000	-6.779920
1225.817020	59.240000	-6.785830
1226.004030	59.250000	-6.791260
1226.227050	59.260000	-6.796740
1226.420040	59.270000	-6.802410
1226.610960	59.280000	-6.806160
1226.824950	59.290000	-6.811140
1227.006960	59.300000	-6.819160
1227.201050	59.310000	-6.822820
1227.401000	59.320000	-6.828830
1227.602050	59.330000	-6.832780
1227.802980	59.340000	-6.840650
1228.011960	59.350000	-6.846140
1228.209960	59.360000	-6.850530
1228.407960	59.370000	-6.854600
1228.614010	59.380000	-6.860420
1228.802980	59.390000	-6.864300
1229.006960	59.400000	-6.870890
1229.197020	59.410000	-6.877620
1229.397950	59.420000	-6.883490
1229.615970	59.430000	-6.886510
1229.802000	59.440000	-6.890780
1229.998050	59.450000	  nan
