23271.0000005 700.0109905 329.6866805 0.0100805 0.0056115 0.6609095 66.0908765 19781.2008005
25036.0000005 750.0029905 354.6908305 0.0094915 0.0046085 0.6628905 66.2889705 21281.4498005
26802.0000005 800.0210005 379.7091705 0.0074695 0.0021555 0.6677705 66.7769945 22782.5502005
28567.0000005 850.0230105 404.7133505 0.0031215 -0.0026535 0.6774745 67.7473705 24282.8010005
30332.0000005 900.0009805 429.7175005 -0.0048255 -0.0110575 0.6948935 69.4893165 25783.0500005
32098.0000005 950.0170305 454.7358405 -0.0163295 -0.0230425 0.7207815 72.0781475 27284.1504005
33862.0000005 1000.0040305 479.7258305 -0.0301615 -0.0373535 0.7534085 75.3407795 28783.5498005
35628.0000005 1050.0140405 504.7441705 -0.0463495 -0.0540605 0.7940375 79.4036595 30284.6502005
37393.0000005 1100.0109905 529.7483505 -0.0625995 -0.0708485 0.8378595 83.7858825 31784.9010005
39158.0000005 1150.0169705 554.7525005 -0.0753525 -0.0841455 0.8748845 87.4884455 33285.1500005
40923.0000005 1200.0119605 579.7566505 -0.0820965 -0.0914375 0.8961215 89.6121135 34785.3990005
42687.0000005 1250.0019505 604.7466405 -0.0849935 -0.0948795 0.9063835 90.6383085 36284.7984005
44452.0000005 1300.0090305 629.7508505 -0.0878275 -0.0981625 0.9163175 91.6317195 37785.0510005
