3279.0000005 700.1140105 32.8000005 0.0088545 0.0083465 0.6318255 63.1824825 1968.0000005
3531.0000005 750.1160305 35.3200005 0.0099145 0.0088705 0.6308415 63.0841155 2119.2000005
3783.0000005 800.1380005 37.8400005 0.0103405 0.0087585 0.6310515 63.1051495 2270.4000005
4035.0000005 850.2000105 40.3600005 0.0094625 0.0073355 0.6337295 63.3729045 2421.6000005
4286.0000005 900.0640305 42.8700005 0.0067775 0.0041055 0.6398655 63.9864665 2572.2000005
4538.0000005 950.1250005 45.3900005 0.0025355 -0.0006825 0.6491045 64.9104145 2723.4000005
4789.0000005 1000.0269805 47.9000005 -0.0039905 -0.0077315 0.6630365 66.3035995 2874.0000005
5041.0000005 1050.1440405 50.4200005 -0.0124575 -0.0167045 0.6813555 68.1355065 3025.2000005
5292.0000005 1100.0939905 52.9300005 -0.0239675 -0.0286805 0.7068685 70.6868305 3175.8000005
5543.0000005 1150.0870405 55.4400005 -0.0380965 -0.0433015 0.7397755 73.9775045 3326.4000005
5794.0000005 1200.0970505 57.9500005 -0.0542555 -0.0599395 0.7797535 77.9753105 3477.0000005
6045.0000005 1250.1540505 60.4600005 -0.0677755 -0.0738885 0.8155215 81.5521435 3627.6000005
6295.0000005 1300.0730005 62.9600005 -0.0765485 -0.0830155 0.8401155 84.0115105 3777.6000005
