31652.0000005 700.0180105 659.4375005 0.0078605 0.0031665 0.6467465 64.6745675 39566.2500005
34052.0000005 750.0109905 709.4375005 0.0066715 0.0015465 0.6498905 64.9889865 42566.2500005
36453.0000005 800.0189805 759.4583105 0.0034685 -0.0021185 0.6570755 65.7074935 45567.4986005
38853.0000005 850.0100105 809.4583105 -0.0025805 -0.0086445 0.6701375 67.0137125 48567.4986005
41254.0000005 900.0130005 859.4791905 -0.0122375 -0.0188055 0.6911735 69.1173195 51568.7514005
43654.0000005 950.0120205 909.4791905 -0.0260555 -0.0331495 0.7223945 72.2394155 54568.7514005
46054.0000005 1000.0170305 959.4791905 -0.0422155 -0.0498525 0.7611645 76.1163595 57568.7514005
48454.0000005 1050.0069605 1009.4791905 -0.0590905 -0.0672765 0.8046235 80.4623295 60568.7514005
50854.0000005 1100.0009805 1059.4791305 -0.0740035 -0.0827425 0.8460165 84.6015895 63568.7478005
53254.0000005 1150.0090305 1109.4791305 -0.0836915 -0.0929935 0.8750255 87.5025495 66568.7478005
55655.0000005 1200.0150105 1159.5000005 -0.0881065 -0.0979545 0.8895425 88.9542225 69570.0000005
58055.0000005 1250.0169705 1209.5000005 -0.0889645 -0.0991785 0.8931735 89.3172585 72570.0000005
60455.0000005 1300.0080605 1259.5000005 -0.0879905 -0.0984355 0.8909665 89.0966145 75570.0000005
