13181.0000005 700.0040305 131.8200105 0.0078505 0.0049265 0.6756825 67.5682455 7909.2006005
14183.0000005 750.0520005 141.8400005 0.0080435 0.0047605 0.6760185 67.6017605 8510.4000005
15184.0000005 800.0440105 151.8500105 0.0070425 0.0034275 0.6787175 67.8716975 9111.0006005
16184.0000005 850.0040305 161.8500105 0.0036135 -0.0003095 0.6863535 68.6352805 9711.0006005
17186.0000005 900.0369905 171.8700005 -0.0024355 -0.0067245 0.6997385 69.9737775 10312.2000005
18187.0000005 950.0269805 181.8800005 -0.0114975 -0.0161995 0.7201525 72.0151985 10912.8000005
19187.0000005 1000.0130005 191.8800005 -0.0237585 -0.0288995 0.7487755 74.8775345 11512.8000005
20188.0000005 1050.0190405 201.8900005 -0.0400655 -0.0456035 0.7887855 78.8785455 12113.4000005
21189.0000005 1100.0429705 211.8999905 -0.0580105 -0.0639565 0.8360985 83.6097975 12713.9994005
22189.0000005 1150.0129405 221.8999905 -0.0756675 -0.0819865 0.8863355 88.6335335 13313.9994005
23189.0000005 1200.0080605 231.8999905 -0.0878845 -0.0945055 0.9236065 92.3606435 13913.9994005
24190.0000005 1250.0229505 241.9100005 -0.0939165 -0.1007405 0.9429525 94.2951675 14514.6000005
25189.0000005 1300.0050005 251.8999905 -0.0948965 -0.1017175 0.9460325 94.6032085 15113.9994005
