6583.0000005 700.0349705 65.8400005 0.0056645 0.0037955 0.6650055 66.5005465 3950.4000005
7085.0000005 750.0809905 70.8600005 0.0056495 0.0033435 0.6659055 66.5904805 4251.6000005
7586.0000005 800.0460205 75.8700005 0.0048195 0.0020595 0.6684695 66.8469285 4552.2000005
8087.0000005 850.0380205 80.8800005 0.0022085 -0.0010115 0.6746515 67.4650875 4852.8000005
8588.0000005 900.0120205 85.8900005 -0.0030355 -0.0067175 0.6863445 68.6344155 5153.4000005
9090.0000005 950.0809905 90.9100005 -0.0104845 -0.0146415 0.7030355 70.3034585 5454.6000005
9590.0000005 1000.0040305 95.9100005 -0.0198435 -0.0244645 0.7244875 72.4487085 5754.6000005
10091.0000005 1050.0009805 100.9200005 -0.0316915 -0.0367825 0.7526405 75.2639795 6055.2000005
10592.0000005 1100.0279505 105.9300005 -0.0465505 -0.0521075 0.7897375 78.9736945 6355.8000005
11093.0000005 1150.0649405 110.9400005 -0.0638885 -0.0698855 0.8358945 83.5894155 6656.4000005
11594.0000005 1200.1009505 115.9500005 -0.0788785 -0.0852585 0.8787485 87.8748355 6957.0000005
12094.0000005 1250.0629905 120.9500005 -0.0884205 -0.0950595 0.9076115 90.7610655 7257.0000005
12594.0000005 1300.0389405 125.9500005 -0.0950275 -0.1017765 0.9281255 92.8125185 7557.0000005
